  3.3009000e-002
  3.3009000e-002
  7.1068000e-002
  7.1068000e-002
  7.1068000e-002
  7.1068000e-002
  1.2132000e-001
  1.2132000e-001
  1.6295100e-001
  1.6295100e-001
  1.9238800e-001
  1.9238800e-001
  2.3401900e-001
  2.3401900e-001
  2.8427100e-001
  2.8427100e-001
  3.0508700e-001
  3.6396100e-001
  3.6396100e-001
  3.6396100e-001
  3.6396100e-001
  3.8477600e-001
  3.8477600e-001
  4.1421400e-001
  4.1421400e-001
  4.1421400e-001
  4.1421400e-001
  4.2640700e-001
  4.2640700e-001
  4.4722200e-001
  4.4722200e-001
  4.5584400e-001
  4.5584400e-001
  4.5584400e-001
  4.5584400e-001
  4.5584400e-001
  4.5584400e-001
  4.8528100e-001
  4.8528100e-001
  4.8528100e-001
  4.8528100e-001
  4.8528100e-001
  4.8528100e-001
  4.8528100e-001
  4.8528100e-001
  4.8528100e-001
  4.8528100e-001
  4.8528100e-001
  4.8528100e-001
  4.8528100e-001
  4.8528100e-001
  4.8528100e-001
  4.8528100e-001
  5.2691200e-001
  5.2691200e-001
  5.3553400e-001
  5.3553400e-001
  6.0660200e-001
  6.0660200e-001
  6.2741700e-001
  6.2741700e-001
  6.2741700e-001
  6.2741700e-001
  7.9036800e-001
  7.9036800e-001
  7.9899000e-001
  7.9899000e-001
  7.9899000e-001
  7.9899000e-001
  8.2842700e-001
  8.2842700e-001
  8.2842700e-001
  8.4062000e-001
  8.4062000e-001
  8.4924200e-001
  8.4924200e-001
  8.7005800e-001
  8.7005800e-001
  9.4112500e-001
  9.4112500e-001
  9.4112500e-001
  9.4112500e-001
  9.4974700e-001
  9.4974700e-001
