  1.2193000e-002
  1.2193000e-002
  6.2446000e-002
  6.2446000e-002
  7.1068000e-002
  7.1068000e-002
  7.1068000e-002
  7.1068000e-002
  9.1883000e-002
  9.1883000e-002
  1.2132000e-001
  1.2132000e-001
  1.2132000e-001
  1.2132000e-001
  1.2132000e-001
  1.2132000e-001
  1.5432900e-001
  1.5432900e-001
  2.1320300e-001
  2.1320300e-001
  2.4264100e-001
  2.4264100e-001
  2.4264100e-001
  2.4264100e-001
  2.4264100e-001
  2.4264100e-001
  2.6345600e-001
  2.6345600e-001
  2.8427100e-001
  2.8427100e-001
  2.8427100e-001
  2.8427100e-001
  3.1370800e-001
  3.1370800e-001
  3.1370800e-001
  3.1370800e-001
  3.1370800e-001
  3.1370800e-001
  3.3452400e-001
  3.3452400e-001
  3.6396100e-001
  3.6396100e-001
  4.1421400e-001
  4.1421400e-001
  4.1421400e-001
  4.1421400e-001
  4.8528100e-001
  4.8528100e-001
  5.2691200e-001
  5.2691200e-001
  5.9798000e-001
  5.9798000e-001
  6.2741700e-001
  6.2741700e-001
  6.2741700e-001
  6.2741700e-001
  6.5685400e-001
  6.5685400e-001
  6.5685400e-001
  6.5685400e-001
  6.5685400e-001
  6.5685400e-001
  6.5685400e-001
  6.5685400e-001
  6.9848500e-001
  6.9848500e-001
  7.0710700e-001
  7.2792200e-001
  7.2792200e-001
  7.2792200e-001
  7.2792200e-001
  7.2792200e-001
  7.2792200e-001
  7.2792200e-001
  7.2792200e-001
  8.2842700e-001
  8.2842700e-001
  8.8225100e-001
  9.1168800e-001
  9.1168800e-001
  9.2031000e-001
  9.2031000e-001
  9.4112500e-001
  9.4112500e-001
  9.4112500e-001
  9.4112500e-001
  9.4112500e-001
  9.4112500e-001
  9.4974700e-001
  9.4974700e-001
  9.7056300e-001
  9.7056300e-001
  9.7056300e-001
  9.7056300e-001
  9.7056300e-001
  9.7056300e-001
