  3.5710000e-003
  3.5710000e-003
  3.5710000e-003
  3.5710000e-003
  4.1840000e-003
  4.1840000e-003
  7.1430000e-003
  7.1430000e-003
  7.7550000e-003
  7.7550000e-003
  1.0714000e-002
  1.0714000e-002
  1.4285000e-002
  1.4285000e-002
  1.4285000e-002
  1.4285000e-002
  1.4285000e-002
  1.4285000e-002
  1.4285000e-002
  1.4285000e-002
  1.4285000e-002
  1.4285000e-002
  1.4285000e-002
  1.4285000e-002
  1.4285000e-002
  1.4285000e-002
  2.0815000e-002
  2.0815000e-002
  2.0815000e-002
  2.0815000e-002
  3.0050000e-002
  3.0050000e-002
  3.1529000e-002
  3.1529000e-002
  3.6580000e-002
  3.6580000e-002
  3.6580000e-002
  3.6580000e-002
  3.8672000e-002
  3.8672000e-002
  4.0151000e-002
  4.0151000e-002
  4.1631000e-002
  4.1631000e-002
  4.1631000e-002
  4.1631000e-002
  4.7294000e-002
  4.7294000e-002
  4.8773000e-002
  4.8773000e-002
  4.8773000e-002
  4.8773000e-002
  5.3824000e-002
  5.3824000e-002
  5.3824000e-002
  5.3824000e-002
  5.3824000e-002
  5.3824000e-002
  5.3824000e-002
  5.3824000e-002
  5.3824000e-002
  5.3824000e-002
  5.3824000e-002
  5.3824000e-002
  5.8008000e-002
  5.8008000e-002
  5.9487000e-002
  5.9487000e-002
  6.9589000e-002
  6.9589000e-002
  6.9589000e-002
  6.9589000e-002
  7.3160000e-002
  7.3160000e-002
  7.8210000e-002
  7.8210000e-002
  7.8210000e-002
  7.8210000e-002
  8.1782000e-002
  8.1782000e-002
  8.3874000e-002
  8.3874000e-002
  8.6832000e-002
  8.6832000e-002
  8.7445000e-002
  8.7445000e-002
  9.0404000e-002
  9.0404000e-002
  9.5454000e-002
  9.5454000e-002
  9.5454000e-002
  9.5454000e-002
  1.0259700e-001
  1.0259700e-001
  1.0407600e-001
  1.0407600e-001
  1.0468900e-001
  1.0468900e-001
  1.0468900e-001
  1.0468900e-001
  1.0974000e-001
  1.0974000e-001
  1.0974000e-001
  1.0974000e-001
  1.1269800e-001
  1.1269800e-001
  1.2132000e-001
  1.2132000e-001
  1.2341200e-001
  1.2341200e-001
  1.2489200e-001
  1.2489200e-001
  1.2489200e-001
  1.2489200e-001
  1.2489200e-001
  1.2489200e-001
  1.2489200e-001
  1.2489200e-001
  1.2489200e-001
  1.2489200e-001
  1.2907600e-001
  1.2907600e-001
  1.3203400e-001
  1.3203400e-001
  1.3560600e-001
  1.3560600e-001
  1.3917700e-001
  1.3917700e-001
  1.4632000e-001
  1.4632000e-001
  1.4989100e-001
  1.4989100e-001
  1.6147200e-001
  1.6147200e-001
  1.6147200e-001
  1.6147200e-001
  1.6147200e-001
  1.6147200e-001
  1.7514400e-001
  1.7514400e-001
  1.7514400e-001
  1.7514400e-001
  1.7575700e-001
  1.7575700e-001
  1.8376600e-001
  1.8376600e-001
  1.8376600e-001
  1.8376600e-001
  1.8376600e-001
  1.8376600e-001
  1.8376600e-001
  1.8376600e-001
  1.8376600e-001
  1.8376600e-001
  1.8376600e-001
  1.8376600e-001
  1.8437900e-001
  1.8437900e-001
  1.8585800e-001
  1.8585800e-001
  1.8585800e-001
  1.8585800e-001
  1.8733800e-001
  1.8733800e-001
  1.9238800e-001
  1.9238800e-001
  1.9595900e-001
  1.9595900e-001
  1.9595900e-001
  1.9595900e-001
  1.9595900e-001
  1.9595900e-001
  1.9595900e-001
  1.9595900e-001
  2.0310200e-001
  2.0310200e-001
  2.1024500e-001
  2.1024500e-001
  2.1233700e-001
  2.1233700e-001
  2.1320300e-001
  2.1320300e-001
  2.1320300e-001
  2.1320300e-001
  2.1320300e-001
  2.1320300e-001
  2.1320300e-001
  2.1320300e-001
  2.1320300e-001
  2.1320300e-001
  2.2034600e-001
  2.2034600e-001
  2.2034600e-001
  2.2034600e-001
  2.2034600e-001
  2.2034600e-001
  2.2034600e-001
  2.2034600e-001
  2.2391700e-001
  2.2391700e-001
  2.2391700e-001
  2.2391700e-001
  2.2391700e-001
  2.2391700e-001
  2.2748900e-001
  2.2748900e-001
  2.3401900e-001
  2.3401900e-001
  2.3463100e-001
  2.3463100e-001
  2.3759000e-001
  2.3759000e-001
  2.5039600e-001
  2.5039600e-001
  2.5483400e-001
  2.5483400e-001
  2.5692600e-001
  2.5692600e-001
  2.5692600e-001
  2.5692600e-001
  2.6345600e-001
  2.6345600e-001
  2.6406900e-001
  2.6406900e-001
  2.6911900e-001
  2.6911900e-001
  2.7564900e-001
  2.7564900e-001
  2.7564900e-001
  2.7564900e-001
  2.7922100e-001
  2.7922100e-001
  2.7922100e-001
  2.7922100e-001
  2.7922100e-001
  2.7922100e-001
  2.7922100e-001
  2.7922100e-001
  2.7922100e-001
  2.7922100e-001
  2.7983300e-001
  2.7983300e-001
  2.8340500e-001
  2.8340500e-001
  2.8427100e-001
  2.8427100e-001
  2.8636300e-001
  2.8636300e-001
  2.9498500e-001
  2.9498500e-001
  3.0508700e-001
  3.0508700e-001
  3.0508700e-001
  3.0508700e-001
  3.0927100e-001
  3.0927100e-001
  3.1222900e-001
  3.1222900e-001
  3.1370800e-001
  3.1370800e-001
  3.1370800e-001
  3.1370800e-001
  3.1370800e-001
  3.1370800e-001
  3.1580100e-001
  3.1580100e-001
  3.1580100e-001
  3.1580100e-001
  3.1789300e-001
  3.1789300e-001
  3.2085100e-001
  3.2085100e-001
  3.2085100e-001
  3.2085100e-001
  3.2590200e-001
  3.2590200e-001
  3.2590200e-001
  3.2590200e-001
  3.2590200e-001
  3.2590200e-001
  3.3304400e-001
  3.3304400e-001
  3.3304400e-001
  3.3304400e-001
  3.3809500e-001
  3.3809500e-001
  3.3809500e-001
  3.3809500e-001
  3.3809500e-001
  3.3809500e-001
  3.3809500e-001
  3.3809500e-001
  3.3809500e-001
  3.3809500e-001
  3.3809500e-001
  3.3809500e-001
  3.3809500e-001
  3.3809500e-001
  3.3809500e-001
  3.3809500e-001
  3.3809500e-001
  3.3809500e-001
  3.3809500e-001
  3.3809500e-001
  3.3809500e-001
  3.3809500e-001
  3.3809500e-001
  3.3809500e-001
  3.3809500e-001
  3.3809500e-001
  3.3809500e-001
  3.3809500e-001
  3.5090100e-001
  3.5090100e-001
  3.5891000e-001
  3.5891000e-001
  3.6309400e-001
  3.6309400e-001
  3.6605300e-001
  3.6605300e-001
  3.6753200e-001
  3.6753200e-001
  3.6753200e-001
  3.6753200e-001
  3.6753200e-001
  3.6753200e-001
  3.6962400e-001
  3.6962400e-001
  3.7110400e-001
  3.7110400e-001
  3.7110400e-001
  3.7110400e-001
  3.7110400e-001
  3.7110400e-001
  3.7467500e-001
  3.7467500e-001
  3.7467500e-001
  3.7467500e-001
  3.7615400e-001
  3.7615400e-001
  3.7615400e-001
  3.7615400e-001
  3.8477600e-001
  3.8477600e-001
  3.8477600e-001
  3.8477600e-001
  3.8896000e-001
  3.8896000e-001
  3.9697000e-001
  3.9697000e-001
  3.9697000e-001
  3.9697000e-001
  3.9697000e-001
  3.9697000e-001
  3.9697000e-001
  3.9697000e-001
  3.9697000e-001
  3.9697000e-001
  3.9697000e-001
  3.9697000e-001
  3.9697000e-001
  3.9697000e-001
  3.9906200e-001
  3.9906200e-001
  4.0054100e-001
  4.0054100e-001
  4.0054100e-001
  4.0054100e-001
  4.0411200e-001
  4.0411200e-001
  4.0411200e-001
  4.0411200e-001
  4.0411200e-001
  4.0411200e-001
  4.0411200e-001
  4.0411200e-001
  4.0411200e-001
  4.0411200e-001
  4.0411200e-001
  4.0411200e-001
  4.0411200e-001
  4.0411200e-001
  4.0411200e-001
  4.0411200e-001
  4.0411200e-001
  4.0411200e-001
  4.0620400e-001
  4.0620400e-001
  4.0916300e-001
  4.0916300e-001
  4.0916300e-001
  4.0916300e-001
  4.1125500e-001
  4.1125500e-001
  4.1125500e-001
  4.1125500e-001
  4.1421400e-001
  4.1421400e-001
  4.1421400e-001
  4.1421400e-001
  4.1421400e-001
  4.1421400e-001
  4.1421400e-001
  4.1421400e-001
  4.1421400e-001
  4.1421400e-001
  4.1421400e-001
  4.1421400e-001
  4.1482600e-001
  4.1482600e-001
  4.1630600e-001
  4.1630600e-001
  4.1630600e-001
  4.1630600e-001
  4.1839800e-001
  4.1839800e-001
  4.2135600e-001
  4.2135600e-001
  4.2135600e-001
  4.2135600e-001
  4.2640700e-001
  4.2640700e-001
  4.2640700e-001
  4.2640700e-001
  4.2640700e-001
  4.2640700e-001
  4.2640700e-001
  4.2640700e-001
  4.3207000e-001
  4.3207000e-001
  4.3502900e-001
  4.3502900e-001
  4.3860000e-001
  4.3860000e-001
  4.3860000e-001
  4.3860000e-001
  4.4069200e-001
  4.4069200e-001
  4.4722200e-001
  4.4722200e-001
  4.4722200e-001
  4.4722200e-001
  4.4783500e-001
  4.4783500e-001
  4.5079300e-001
  4.5079300e-001
  4.5079300e-001
  4.5079300e-001
  4.5436500e-001
  4.5436500e-001
  4.5584400e-001
  4.5584400e-001
  4.5584400e-001
  4.5584400e-001
  4.5584400e-001
  4.5584400e-001
  4.5584400e-001
  4.5584400e-001
  4.5584400e-001
  4.5584400e-001
  4.5584400e-001
  4.5584400e-001
  4.5584400e-001
  4.5584400e-001
  4.5645700e-001
  4.5645700e-001
  4.6507900e-001
  4.6507900e-001
  4.6507900e-001
  4.6507900e-001
  4.6655800e-001
  4.6655800e-001
  4.6803700e-001
  4.6803700e-001
  4.7518000e-001
  4.7518000e-001
  4.7518000e-001
  4.7518000e-001
  4.7518000e-001
  4.7518000e-001
  4.8023100e-001
  4.8023100e-001
  4.8023100e-001
  4.8023100e-001
  4.8528100e-001
  4.8528100e-001
  4.8528100e-001
  4.8528100e-001
  4.8528100e-001
  4.8528100e-001
  4.8528100e-001
  4.8528100e-001
  4.8528100e-001
  4.8528100e-001
  4.8528100e-001
  4.8528100e-001
  4.8528100e-001
  4.8528100e-001
  4.8528100e-001
  4.8528100e-001
  4.8528100e-001
  4.8528100e-001
  4.8528100e-001
  4.8528100e-001
  4.8528100e-001
  4.8528100e-001
  4.8528100e-001
  4.8528100e-001
  4.8528100e-001
  4.8528100e-001
  4.8528100e-001
  4.8528100e-001
  4.8528100e-001
  4.8528100e-001
  4.8528100e-001
  4.8528100e-001
  4.8528100e-001
  4.8528100e-001
  4.8528100e-001
  4.8528100e-001
  4.8528100e-001
  4.8528100e-001
  4.8528100e-001
  4.8528100e-001
  4.8885300e-001
  4.8885300e-001
  4.9242400e-001
  4.9242400e-001
  4.9242400e-001
  4.9242400e-001
  4.9242400e-001
  4.9242400e-001
  4.9242400e-001
  4.9242400e-001
  4.9242400e-001
  4.9242400e-001
  4.9451600e-001
  4.9451600e-001
  4.9808700e-001
  4.9808700e-001
  4.9956700e-001
  4.9956700e-001
  4.9956700e-001
  4.9956700e-001
  4.9956700e-001
  4.9956700e-001
  5.0461700e-001
  5.0461700e-001
  5.0461700e-001
  5.0461700e-001
  5.0461700e-001
  5.0461700e-001
  5.0461700e-001
  5.0461700e-001
  5.0966800e-001
  5.0966800e-001
  5.0966800e-001
  5.0966800e-001
  5.0966800e-001
  5.0966800e-001
  5.1385200e-001
  5.1385200e-001
  5.1681100e-001
  5.1681100e-001
  5.1681100e-001
  5.1681100e-001
  5.2186100e-001
  5.2186100e-001
  5.2186100e-001
  5.2186100e-001
  5.2186100e-001
  5.2186100e-001
  5.3614700e-001
  5.3614700e-001
  5.3614700e-001
  5.3614700e-001
  5.5696200e-001
  5.5696200e-001
  5.5844100e-001
  5.5844100e-001
  5.6349200e-001
  5.6349200e-001
  5.6349200e-001
  5.6349200e-001
  5.6706300e-001
  5.6706300e-001
  5.7211400e-001
  5.7211400e-001
  5.7272700e-001
  5.7272700e-001
  5.7716400e-001
  5.7716400e-001
  5.7716400e-001
  5.7716400e-001
  5.8134900e-001
  5.8134900e-001
  5.8787800e-001
  5.8787800e-001
  5.8787800e-001
  5.8787800e-001
  5.8787800e-001
  5.8787800e-001
  6.0216400e-001
  6.0216400e-001
  6.0216400e-001
  6.0216400e-001
  6.0512200e-001
  6.0512200e-001
  6.0512200e-001
  6.0512200e-001
  6.0660200e-001
  6.0660200e-001
  6.0721400e-001
  6.0721400e-001
  6.1017300e-001
  6.1017300e-001
  6.1017300e-001
  6.1017300e-001
  6.1017300e-001
  6.1017300e-001
  6.1078600e-001
  6.1078600e-001
  6.1731600e-001
  6.1731600e-001
  6.1879500e-001
  6.1879500e-001
  6.2088700e-001
  6.2088700e-001
  6.2236600e-001
  6.2236600e-001
  6.2236600e-001
  6.2236600e-001
  6.2236600e-001
  6.2236600e-001
  6.2236600e-001
  6.2236600e-001
  6.2236600e-001
  6.2236600e-001
  6.2236600e-001
  6.2236600e-001
  6.2236600e-001
  6.2236600e-001
  6.2236600e-001
  6.2236600e-001
  6.2236600e-001
  6.2236600e-001
  6.2236600e-001
  6.2236600e-001
  6.2236600e-001
  6.2236600e-001
  6.2445800e-001
  6.2445800e-001
  6.2593800e-001
  6.2593800e-001
  6.2741700e-001
  6.2741700e-001
  6.2741700e-001
  6.2741700e-001
  6.2741700e-001
  6.2741700e-001
  6.2741700e-001
  6.2741700e-001
  6.2741700e-001
  6.2741700e-001
  6.2741700e-001
  6.2741700e-001
  6.2741700e-001
  6.2741700e-001
  6.2741700e-001
  6.2741700e-001
  6.2950900e-001
  6.2950900e-001
  6.2950900e-001
  6.2950900e-001
  6.2950900e-001
  6.2950900e-001
  6.2950900e-001
  6.2950900e-001
  6.4170200e-001
  6.4170200e-001
  6.4318200e-001
  6.4318200e-001
  6.4318200e-001
  6.4318200e-001
  6.4527400e-001
  6.4527400e-001
  6.4823200e-001
  6.4823200e-001
  6.5032400e-001
  6.5032400e-001
  6.5032400e-001
  6.5032400e-001
  6.5180400e-001
  6.5180400e-001
  6.5746700e-001
  6.5746700e-001
  6.6042600e-001
  6.6042600e-001
  6.6251800e-001
  6.6251800e-001
  6.6966000e-001
  6.6966000e-001
  6.7261900e-001
  6.7261900e-001
  6.7261900e-001
  6.7261900e-001
  6.7261900e-001
  6.7261900e-001
  6.7619000e-001
  6.7619000e-001
  6.7619000e-001
  6.7619000e-001
  6.7619000e-001
  6.7619000e-001
  6.7767000e-001
  6.7767000e-001
  6.7767000e-001
  6.7828200e-001
  6.7828200e-001
  6.8185400e-001
  6.8185400e-001
  6.8333300e-001
  6.8333300e-001
  6.8481200e-001
  6.8481200e-001
  6.9047600e-001
  6.9047600e-001
  6.9047600e-001
  6.9047600e-001
  6.9343400e-001
  6.9343400e-001
  6.9343400e-001
  6.9343400e-001
  6.9761800e-001
  6.9761800e-001
  7.0919900e-001
  7.0919900e-001
  7.1067800e-001
  7.1067800e-001
  7.1067800e-001
  7.1067800e-001
  7.1277000e-001
  7.1277000e-001
  7.1782100e-001
  7.1782100e-001
  7.1991300e-001
  7.1991300e-001
  7.2287100e-001
  7.2287100e-001
  7.2287100e-001
  7.2287100e-001
  7.2287100e-001
  7.2287100e-001
  7.2496300e-001
  7.2496300e-001
  7.2792200e-001
  7.2792200e-001
  7.2792200e-001
  7.2792200e-001
  7.2792200e-001
  7.2792200e-001
  7.2792200e-001
  7.2792200e-001
  7.2792200e-001
  7.2792200e-001
  7.2792200e-001
  7.2792200e-001
  7.2792200e-001
  7.2792200e-001
  7.2792200e-001
  7.2792200e-001
  7.2792200e-001
  7.2792200e-001
  7.3149300e-001
  7.3149300e-001
  7.3149300e-001
  7.3149300e-001
  7.3149300e-001
  7.3149300e-001
  7.3149300e-001
  7.3149300e-001
  7.3358500e-001
  7.3358500e-001
  7.3506500e-001
  7.3506500e-001
  7.3506500e-001
  7.3506500e-001
  7.3506500e-001
  7.3506500e-001
  7.3506500e-001
  7.3506500e-001
  7.4368700e-001
  7.4368700e-001
  7.4577900e-001
  7.4577900e-001
  7.4935000e-001
  7.4935000e-001
  7.5230900e-001
  7.5230900e-001
  7.5230900e-001
  7.5230900e-001
  7.5440100e-001
  7.5440100e-001
  7.5945100e-001
  7.5945100e-001
  7.5945100e-001
  7.5945100e-001
  7.5945100e-001
  7.5945100e-001
  7.6093100e-001
  7.6093100e-001
  7.6093100e-001
  7.6093100e-001
  7.7521600e-001
  7.7521600e-001
  7.7669500e-001
  7.7669500e-001
  7.8740900e-001
  7.8740900e-001
  7.8888900e-001
  7.8888900e-001
  7.8888900e-001
  7.8888900e-001
  7.9036800e-001
  7.9036800e-001
  7.9098100e-001
  7.9098100e-001
  7.9393900e-001
  7.9393900e-001
  7.9751100e-001
  7.9751100e-001
  7.9899000e-001
  7.9899000e-001
  7.9899000e-001
  7.9899000e-001
  7.9899000e-001
  7.9899000e-001
  8.0465300e-001
  8.0465300e-001
  8.0822500e-001
  8.0822500e-001
  8.1031700e-001
  8.1031700e-001
  8.1327500e-001
  8.1327500e-001
  8.1832600e-001
  8.1832600e-001
  8.1832600e-001
  8.1832600e-001
  8.1832600e-001
  8.1832600e-001
  8.1832600e-001
  8.1832600e-001
  8.2041800e-001
  8.2041800e-001
  8.2694800e-001
  8.2694800e-001
  8.2842700e-001
  8.2842700e-001
  8.2842700e-001
  8.2842700e-001
  8.2842700e-001
  8.2842700e-001
  8.2842700e-001
  8.2842700e-001
  8.2842700e-001
  8.2842700e-001
  8.3557000e-001
  8.3557000e-001
  8.3766200e-001
  8.3766200e-001
  8.3914100e-001
  8.3914100e-001
  8.4062000e-001
  8.4062000e-001
  8.4271200e-001
  8.4271200e-001
  8.4480500e-001
  8.4480500e-001
  8.5133400e-001
  8.5133400e-001
  8.5490600e-001
  8.5490600e-001
  8.5847700e-001
  8.5847700e-001
  8.6352800e-001
  8.6352800e-001
  8.6352800e-001
  8.6352800e-001
  8.7424200e-001
  8.7424200e-001
  8.7720000e-001
  8.7720000e-001
  8.7720000e-001
  8.7720000e-001
  8.7720000e-001
  8.7720000e-001
  8.9653600e-001
  8.9653600e-001
  8.9653600e-001
  8.9653600e-001
  9.0367900e-001
  9.0367900e-001
  9.1082200e-001
  9.1082200e-001
  9.1883100e-001
  9.1883100e-001
  9.2031000e-001
  9.2031000e-001
  9.2388200e-001
  9.2388200e-001
  9.2388200e-001
  9.2388200e-001
  9.3311600e-001
  9.3311600e-001
  9.4112500e-001
  9.4112500e-001
  9.4112500e-001
  9.4112500e-001
  9.4112500e-001
  9.4112500e-001
  9.4112500e-001
  9.4112500e-001
  9.4112500e-001
  9.4112500e-001
  9.4112500e-001
  9.4112500e-001
  9.4112500e-001
  9.4112500e-001
  9.4974700e-001
  9.4974700e-001
  9.4974700e-001
  9.4974700e-001
  9.4974700e-001
  9.4974700e-001
  9.4974700e-001
  9.4974700e-001
  9.5331900e-001
  9.5331900e-001
  9.5331900e-001
  9.5331900e-001
  9.5541100e-001
  9.5541100e-001
  9.5541100e-001
  9.5541100e-001
  9.5541100e-001
  9.5541100e-001
  9.5541100e-001
  9.5541100e-001
  9.6255400e-001
  9.6255400e-001
  9.6760400e-001
  9.6760400e-001
  9.7056300e-001
  9.7056300e-001
  9.7056300e-001
  9.7056300e-001
  9.7056300e-001
  9.7056300e-001
  9.7056300e-001
  9.7056300e-001
  9.7056300e-001
  9.7056300e-001
  9.7056300e-001
  9.7056300e-001
  9.7413400e-001
  9.7413400e-001
  9.7413400e-001
  9.7413400e-001
  9.7474700e-001
  9.7474700e-001
  9.7474700e-001
  9.8127700e-001
  9.8127700e-001
  9.8275600e-001
  9.8275600e-001
  9.8275600e-001
  9.8275600e-001
  9.9494900e-001
  9.9494900e-001
  9.9494900e-001
  9.9494900e-001
  9.9494900e-001
  9.9494900e-001
