  1.0714000e-002
  1.0714000e-002
  1.0714000e-002
  1.0714000e-002
  1.0714000e-002
  1.0714000e-002
  1.4285000e-002
  1.4285000e-002
  1.4285000e-002
  1.4285000e-002
  2.0815000e-002
  2.0815000e-002
  2.0815000e-002
  2.0815000e-002
  2.1428000e-002
  2.1428000e-002
  3.1529000e-002
  3.1529000e-002
  3.1529000e-002
  3.1529000e-002
  3.6580000e-002
  3.6580000e-002
  3.6580000e-002
  3.6580000e-002
  3.6580000e-002
  3.6580000e-002
  4.0151000e-002
  4.0151000e-002
  4.0151000e-002
  4.0151000e-002
  4.8773000e-002
  4.8773000e-002
  5.2957000e-002
  5.2957000e-002
  5.5916000e-002
  5.5916000e-002
  6.2446000e-002
  6.2446000e-002
  6.2446000e-002
  6.2446000e-002
  6.6017000e-002
  6.6017000e-002
  6.6017000e-002
  6.6017000e-002
  6.6017000e-002
  6.6017000e-002
  6.6017000e-002
  6.6017000e-002
  6.9589000e-002
  6.9589000e-002
  6.9589000e-002
  6.9589000e-002
  7.1068000e-002
  7.1068000e-002
  7.3160000e-002
  7.3160000e-002
  7.3160000e-002
  7.3160000e-002
  7.3160000e-002
  7.3160000e-002
  7.3160000e-002
  7.3160000e-002
  7.5252000e-002
  7.5252000e-002
  7.8210000e-002
  7.8210000e-002
  8.2395000e-002
  8.2395000e-002
  8.3261000e-002
  8.3261000e-002
  8.3261000e-002
  8.3261000e-002
  8.3261000e-002
  8.3261000e-002
  8.3261000e-002
  8.3261000e-002
  8.6832000e-002
  8.6832000e-002
  9.1017000e-002
  9.1017000e-002
  9.9026000e-002
  9.9026000e-002
  1.0407600e-001
  1.0407600e-001
  1.1269800e-001
  1.1269800e-001
  1.1269800e-001
  1.1269800e-001
  1.1269800e-001
  1.1269800e-001
  1.1627000e-001
  1.1627000e-001
  1.1984100e-001
  1.1984100e-001
  1.2132000e-001
  1.2132000e-001
  1.2132000e-001
  1.2132000e-001
  1.2132000e-001
  1.2132000e-001
  1.2132000e-001
  1.2132000e-001
  1.2132000e-001
  1.2132000e-001
  1.2132000e-001
  1.2132000e-001
  1.2132000e-001
  1.2132000e-001
  1.2193300e-001
  1.2193300e-001
  1.2698400e-001
  1.2698400e-001
  1.2698400e-001
  1.2698400e-001
  1.3351400e-001
  1.3351400e-001
  1.3917700e-001
  1.3917700e-001
  1.3917700e-001
  1.3917700e-001
  1.4213600e-001
  1.4213600e-001
  1.4213600e-001
  1.4213600e-001
  1.4213600e-001
  1.4213600e-001
  1.4213600e-001
  1.4213600e-001
  1.4213600e-001
  1.4213600e-001
  1.4632000e-001
  1.4632000e-001
  1.5137000e-001
  1.5137000e-001
  1.5432900e-001
  1.5432900e-001
  1.5790000e-001
  1.5790000e-001
  1.5790000e-001
  1.5790000e-001
  1.6147200e-001
  1.6147200e-001
  1.6147200e-001
  1.6147200e-001
  1.6147200e-001
  1.6147200e-001
  1.6147200e-001
  1.6147200e-001
  1.6147200e-001
  1.6147200e-001
  1.6147200e-001
  1.6147200e-001
  1.6147200e-001
  1.6147200e-001
  1.6147200e-001
  1.6147200e-001
  1.6147200e-001
  1.6147200e-001
  1.6295100e-001
  1.6295100e-001
  1.6652200e-001
  1.6652200e-001
  1.6652200e-001
  1.6652200e-001
  1.6652200e-001
  1.6652200e-001
  1.6652200e-001
  1.6652200e-001
  1.6652200e-001
  1.6652200e-001
  1.6652200e-001
  1.6652200e-001
  1.6652200e-001
  1.6652200e-001
  1.6713500e-001
  1.6713500e-001
  1.6861400e-001
  1.6861400e-001
  1.7218600e-001
  1.7218600e-001
  1.7723600e-001
  1.7723600e-001
  1.8080800e-001
  1.8080800e-001
  1.8228700e-001
  1.8228700e-001
  1.9595900e-001
  1.9595900e-001
  1.9595900e-001
  1.9595900e-001
  1.9657200e-001
  1.9657200e-001
  2.0310200e-001
  2.0310200e-001
  2.0310200e-001
  2.0310200e-001
  2.0458100e-001
  2.0458100e-001
  2.0519400e-001
  2.0519400e-001
  2.1172400e-001
  2.1172400e-001
  2.1172400e-001
  2.1172400e-001
  2.1320300e-001
  2.1320300e-001
  2.1320300e-001
  2.1320300e-001
  2.1320300e-001
  2.1320300e-001
  2.1320300e-001
  2.1320300e-001
  2.1677500e-001
  2.1677500e-001
  2.1677500e-001
  2.1677500e-001
  2.2034600e-001
  2.2034600e-001
  2.2034600e-001
  2.2034600e-001
  2.2034600e-001
  2.2034600e-001
  2.2034600e-001
  2.2034600e-001
  2.2034600e-001
  2.2034600e-001
  2.2034600e-001
  2.2034600e-001
  2.2034600e-001
  2.2034600e-001
  2.2034600e-001
  2.2034600e-001
  2.2034600e-001
  2.2034600e-001
  2.3463100e-001
  2.3463100e-001
  2.4264100e-001
  2.4264100e-001
  2.4264100e-001
  2.4264100e-001
  2.4264100e-001
  2.4264100e-001
  2.4473300e-001
  2.4473300e-001
  2.4621200e-001
  2.4621200e-001
  2.4621200e-001
  2.4621200e-001
  2.4978300e-001
  2.4978300e-001
  2.5187500e-001
  2.5187500e-001
  2.5483400e-001
  2.5483400e-001
  2.5483400e-001
  2.5483400e-001
  2.5692600e-001
  2.5692600e-001
  2.6345600e-001
  2.6345600e-001
  2.6345600e-001
  2.6345600e-001
  2.6406900e-001
  2.6406900e-001
  2.6406900e-001
  2.6406900e-001
  2.6554800e-001
  2.6554800e-001
  2.7059900e-001
  2.7059900e-001
  2.7121100e-001
  2.7121100e-001
  2.7835400e-001
  2.7922100e-001
  2.7922100e-001
  2.7922100e-001
  2.7922100e-001
  2.7922100e-001
  2.7922100e-001
  2.7922100e-001
  2.7922100e-001
  2.7922100e-001
  2.7922100e-001
  2.7922100e-001
  2.7922100e-001
  2.7922100e-001
  2.7922100e-001
  2.8131300e-001
  2.8131300e-001
  2.8131300e-001
  2.8131300e-001
  2.8279200e-001
  2.8279200e-001
  2.8636300e-001
  2.8636300e-001
  2.8636300e-001
  2.8636300e-001
  2.8636300e-001
  2.8636300e-001
  2.8993500e-001
  2.8993500e-001
  2.9350600e-001
  2.9350600e-001
  2.9646500e-001
  2.9646500e-001
  3.0508700e-001
  3.0508700e-001
  3.0865800e-001
  3.0865800e-001
  3.0865800e-001
  3.0865800e-001
  3.0865800e-001
  3.0865800e-001
  3.0865800e-001
  3.0865800e-001
  3.1222900e-001
  3.1222900e-001
  3.2590200e-001
  3.2590200e-001
  3.2590200e-001
  3.2590200e-001
  3.2799400e-001
  3.2799400e-001
  3.3452400e-001
  3.3452400e-001
  3.3809500e-001
  3.3809500e-001
  3.4166600e-001
  3.4166600e-001
  3.4227900e-001
  3.4227900e-001
  3.4733000e-001
  3.4733000e-001
  3.4733000e-001
  3.4733000e-001
  3.5238000e-001
  3.5238000e-001
  3.5238000e-001
  3.5238000e-001
  3.5238000e-001
  3.5238000e-001
  3.5238000e-001
  3.5238000e-001
  3.5743100e-001
  3.5743100e-001
  3.5743100e-001
  3.5743100e-001
  3.5743100e-001
  3.5743100e-001
  3.5743100e-001
  3.5743100e-001
  3.5743100e-001
  3.5743100e-001
  3.6753200e-001
  3.6753200e-001
  3.6753200e-001
  3.6753200e-001
  3.6753200e-001
  3.6753200e-001
  3.6753200e-001
  3.6753200e-001
  3.6753200e-001
  3.6753200e-001
  3.6753200e-001
  3.6753200e-001
  3.6753200e-001
  3.6753200e-001
  3.7110400e-001
  3.7110400e-001
  3.7110400e-001
  3.7110400e-001
  3.7467500e-001
  3.7467500e-001
  3.7676700e-001
  3.7676700e-001
  3.7972600e-001
  3.7972600e-001
  3.8181800e-001
  3.8181800e-001
  3.8477600e-001
  3.8477600e-001
  3.8477600e-001
  3.8477600e-001
  3.9191900e-001
  3.9191900e-001
  3.9191900e-001
  3.9191900e-001
  3.9549000e-001
  3.9549000e-001
  3.9697000e-001
  3.9697000e-001
  3.9697000e-001
  3.9697000e-001
  4.0411200e-001
  4.0411200e-001
  4.0559200e-001
  4.0559200e-001
  4.0559200e-001
  4.0559200e-001
  4.1421400e-001
  4.1421400e-001
  4.1839800e-001
  4.1839800e-001
  4.1839800e-001
  4.1839800e-001
  4.2135600e-001
  4.2135600e-001
  4.2135600e-001
  4.2135600e-001
  4.2554000e-001
  4.2554000e-001
  4.2640700e-001
  4.2640700e-001
  4.2640700e-001
  4.2640700e-001
  4.2640700e-001
  4.2640700e-001
  4.2640700e-001
  4.2640700e-001
  4.2640700e-001
  4.2640700e-001
  4.2640700e-001
  4.2640700e-001
  4.2640700e-001
  4.2640700e-001
  4.2640700e-001
  4.2640700e-001
  4.2640700e-001
  4.2640700e-001
  4.2997800e-001
  4.2997800e-001
  4.3355000e-001
  4.3355000e-001
  4.3355000e-001
  4.3355000e-001
  4.3355000e-001
  4.3355000e-001
  4.3355000e-001
  4.3355000e-001
  4.3355000e-001
  4.3355000e-001
  4.3502900e-001
  4.3502900e-001
  4.3564200e-001
  4.3564200e-001
  4.3564200e-001
  4.3564200e-001
  4.3564200e-001
  4.3564200e-001
  4.5079300e-001
  4.5079300e-001
  4.5288600e-001
  4.5288600e-001
  4.5497800e-001
  4.5497800e-001
  4.5584400e-001
  4.5584400e-001
  4.5793600e-001
  4.5793600e-001
  4.6803700e-001
  4.6803700e-001
  4.6803700e-001
  4.6803700e-001
  4.7160900e-001
  4.7160900e-001
  4.7160900e-001
  4.7160900e-001
  4.7160900e-001
  4.7160900e-001
  4.7370100e-001
  4.7370100e-001
  4.8023100e-001
  4.8023100e-001
  4.8528100e-001
  4.8528100e-001
  4.8528100e-001
  4.8528100e-001
  4.8885300e-001
  4.8885300e-001
  4.8885300e-001
  4.8885300e-001
  4.9451600e-001
  4.9451600e-001
  4.9747500e-001
  4.9747500e-001
  4.9747500e-001
  4.9747500e-001
  5.0461700e-001
  5.0461700e-001
  5.0461700e-001
  5.0461700e-001
  5.0461700e-001
  5.0461700e-001
  5.0670900e-001
  5.0670900e-001
  5.0818900e-001
  5.0818900e-001
  5.0966800e-001
  5.0966800e-001
  5.0966800e-001
  5.0966800e-001
  5.1890300e-001
  5.1890300e-001
  5.3257500e-001
  5.3257500e-001
  5.3257500e-001
  5.3257500e-001
  5.3405500e-001
  5.3405500e-001
  5.3405500e-001
  5.3405500e-001
  5.3614700e-001
  5.3614700e-001
  5.3762600e-001
  5.3762600e-001
  5.4267700e-001
  5.4267700e-001
  5.4328900e-001
  5.4328900e-001
  5.4328900e-001
  5.4328900e-001
  5.4624800e-001
  5.4624800e-001
  5.4686100e-001
  5.4686100e-001
  5.4772700e-001
  5.4772700e-001
  5.4772700e-001
  5.4772700e-001
  5.4834000e-001
  5.4834000e-001
  5.5129900e-001
  5.5129900e-001
  5.5634900e-001
  5.5634900e-001
  5.5634900e-001
  5.5634900e-001
  5.5634900e-001
  5.5634900e-001
  5.5992100e-001
  5.5992100e-001
  5.6349200e-001
  5.6349200e-001
  5.6558400e-001
  5.6558400e-001
  5.6854200e-001
  5.6854200e-001
  5.6854200e-001
  5.6854200e-001
  5.6854200e-001
  5.6854200e-001
  5.6854200e-001
  5.6854200e-001
  5.6915500e-001
  5.6915500e-001
  5.7716400e-001
  5.7716400e-001
  5.7716400e-001
  5.7716400e-001
  5.8073600e-001
  5.8073600e-001
  5.8073600e-001
  5.8073600e-001
  5.8073600e-001
  5.8073600e-001
  5.8073600e-001
  5.8073600e-001
  5.8073600e-001
  5.8073600e-001
  5.8430700e-001
  5.8430700e-001
  5.9292900e-001
  5.9292900e-001
  5.9292900e-001
  5.9292900e-001
  6.0007200e-001
  6.0007200e-001
  6.0007200e-001
  6.0007200e-001
  6.0660200e-001
  6.0660200e-001
  6.0660200e-001
  6.0660200e-001
  6.0660200e-001
  6.0660200e-001
  6.0660200e-001
  6.0660200e-001
  6.1017300e-001
  6.1017300e-001
  6.1226500e-001
  6.1226500e-001
  6.1374400e-001
  6.1374400e-001
  6.1374400e-001
  6.1374400e-001
  6.1374400e-001
  6.1374400e-001
  6.1374400e-001
  6.1374400e-001
  6.1374400e-001
  6.1374400e-001
  6.1731600e-001
  6.1731600e-001
  6.1731600e-001
  6.1731600e-001
  6.1731600e-001
  6.1731600e-001
  6.1731600e-001
  6.1731600e-001
  6.1731600e-001
  6.1731600e-001
  6.1731600e-001
  6.1731600e-001
  6.1792800e-001
  6.1792800e-001
  6.1879500e-001
  6.1879500e-001
  6.2236600e-001
  6.2236600e-001
  6.2236600e-001
  6.2236600e-001
  6.2236600e-001
  6.2236600e-001
  6.2445800e-001
  6.2445800e-001
  6.3160100e-001
  6.3160100e-001
  6.3160100e-001
  6.3160100e-001
  6.3160100e-001
  6.3160100e-001
  6.3160100e-001
  6.3160100e-001
  6.3961000e-001
  6.3961000e-001
  6.4170200e-001
  6.4170200e-001
  6.4675300e-001
  6.4675300e-001
  6.4675300e-001
  6.4675300e-001
  6.4884500e-001
  6.4884500e-001
  6.5032400e-001
  6.5032400e-001
  6.5180400e-001
  6.5180400e-001
  6.5180400e-001
  6.5180400e-001
  6.5180400e-001
  6.5180400e-001
  6.5389600e-001
  6.5389600e-001
  6.5685400e-001
  6.5685400e-001
  6.5685400e-001
  6.5685400e-001
  6.5894600e-001
  6.5894600e-001
  6.6608900e-001
  6.6608900e-001
  6.7114000e-001
  6.7114000e-001
  6.8986300e-001
  6.8986300e-001
  6.8986300e-001
  6.8986300e-001
  6.9047600e-001
  6.9047600e-001
  6.9047600e-001
  6.9047600e-001
  6.9848500e-001
  6.9848500e-001
  6.9909800e-001
  6.9909800e-001
  7.0057700e-001
  7.0057700e-001
  7.0266900e-001
  7.0266900e-001
  7.0266900e-001
  7.0266900e-001
  7.0710700e-001
  7.1067800e-001
  7.1067800e-001
  7.1067800e-001
  7.1067800e-001
  7.1067800e-001
  7.1067800e-001
  7.1277000e-001
  7.1277000e-001
  7.1277000e-001
  7.1277000e-001
  7.1277000e-001
  7.1277000e-001
  7.1930000e-001
  7.1930000e-001
  7.1991300e-001
  7.1991300e-001
  7.2792200e-001
  7.2792200e-001
  7.2792200e-001
  7.2792200e-001
  7.2792200e-001
  7.2792200e-001
  7.2792200e-001
  7.2792200e-001
  7.2792200e-001
  7.2792200e-001
  7.3863600e-001
  7.3863600e-001
  7.4011500e-001
  7.4011500e-001
  7.4368700e-001
  7.4368700e-001
  7.4429900e-001
  7.4429900e-001
  7.4873700e-001
  7.4873700e-001
  7.4935000e-001
  7.4935000e-001
  7.4935000e-001
  7.4935000e-001
  7.5440100e-001
  7.5440100e-001
  7.5797200e-001
  7.5797200e-001
  7.5945100e-001
  7.5945100e-001
  7.5945100e-001
  7.5945100e-001
  7.5945100e-001
  7.5945100e-001
  7.6302300e-001
  7.6302300e-001
  7.6955300e-001
  7.6955300e-001
  7.6955300e-001
  7.6955300e-001
  7.6955300e-001
  7.6955300e-001
  7.7669500e-001
  7.7669500e-001
  7.7817500e-001
  7.7817500e-001
  7.7817500e-001
  7.7817500e-001
  7.8174600e-001
  7.8174600e-001
  7.8235900e-001
  7.8235900e-001
  7.9036800e-001
  7.9036800e-001
  7.9036800e-001
  7.9036800e-001
  7.9036800e-001
  7.9036800e-001
  7.9393900e-001
  7.9393900e-001
  7.9393900e-001
  7.9393900e-001
  7.9393900e-001
  7.9393900e-001
  7.9393900e-001
  7.9393900e-001
  7.9393900e-001
  7.9393900e-001
  7.9393900e-001
  7.9393900e-001
  7.9393900e-001
  7.9393900e-001
  7.9393900e-001
  7.9393900e-001
  7.9393900e-001
  7.9393900e-001
  7.9751100e-001
  7.9751100e-001
  7.9899000e-001
  7.9899000e-001
  8.0108200e-001
  8.0108200e-001
  8.0108200e-001
  8.0108200e-001
  8.0256100e-001
  8.0256100e-001
  8.1475500e-001
  8.1475500e-001
  8.2337600e-001
  8.2337600e-001
  8.2337600e-001
  8.2337600e-001
  8.2842700e-001
  8.2842700e-001
  8.2842700e-001
  8.2842700e-001
  8.2842700e-001
  8.2842700e-001
  8.2842700e-001
  8.2842700e-001
  8.2842700e-001
  8.2842700e-001
  8.2842700e-001
  8.2842700e-001
  8.2842700e-001
  8.2842700e-001
  8.2842700e-001
  8.2842700e-001
  8.3199800e-001
  8.3199800e-001
  8.4062000e-001
  8.4062000e-001
  8.4924200e-001
  8.4924200e-001
  8.4924200e-001
  8.4924200e-001
  8.4924200e-001
  8.4924200e-001
  8.4985500e-001
  8.4985500e-001
  8.5490600e-001
  8.5490600e-001
  8.5995600e-001
  8.5995600e-001
  8.5995600e-001
  8.5995600e-001
  8.5995600e-001
  8.5995600e-001
  8.5995600e-001
  8.5995600e-001
  8.6709900e-001
  8.6709900e-001
  8.7005800e-001
  8.7005800e-001
  8.7005800e-001
  8.7005800e-001
  8.7005800e-001
  8.7005800e-001
  8.7005800e-001
  8.7005800e-001
  8.7005800e-001
  8.7005800e-001
  8.7005800e-001
  8.7005800e-001
  8.7215000e-001
  8.7215000e-001
  8.7424200e-001
  8.7424200e-001
  8.8225100e-001
  8.8225100e-001
  8.8643500e-001
  8.8643500e-001
  8.9296500e-001
  8.9296500e-001
  8.9296500e-001
  8.9296500e-001
  8.9653600e-001
  8.9653600e-001
  8.9801600e-001
  8.9801600e-001
  9.0158700e-001
  9.0158700e-001
  9.0306600e-001
  9.0306600e-001
  9.0515800e-001
  9.0515800e-001
  9.0663800e-001
  9.0663800e-001
  9.0663800e-001
  9.0663800e-001
  9.1020900e-001
  9.1020900e-001
  9.1168800e-001
  9.1168800e-001
  9.1168800e-001
  9.1168800e-001
  9.1230100e-001
  9.1230100e-001
  9.1587200e-001
  9.1587200e-001
  9.1735200e-001
  9.1735200e-001
  9.2388200e-001
  9.2388200e-001
  9.2597400e-001
  9.2597400e-001
  9.2597400e-001
  9.2597400e-001
  9.2597400e-001
  9.2597400e-001
  9.2597400e-001
  9.2597400e-001
  9.3250400e-001
  9.3250400e-001
  9.3459600e-001
  9.3459600e-001
  9.3607500e-001
  9.3607500e-001
  9.3607500e-001
  9.3607500e-001
  9.3607500e-001
  9.3607500e-001
  9.3607500e-001
  9.3607500e-001
  9.3964600e-001
  9.3964600e-001
  9.4112500e-001
  9.4112500e-001
  9.4112500e-001
  9.4112500e-001
  9.4112500e-001
  9.4112500e-001
  9.4112500e-001
  9.4112500e-001
  9.4112500e-001
  9.4112500e-001
  9.4112500e-001
  9.4112500e-001
  9.4112500e-001
  9.4112500e-001
  9.4112500e-001
  9.4112500e-001
  9.4112500e-001
  9.4112500e-001
  9.4321800e-001
  9.4321800e-001
  9.4469700e-001
  9.4469700e-001
  9.4974700e-001
  9.4974700e-001
  9.5184000e-001
  9.5184000e-001
  9.5541100e-001
  9.5541100e-001
  9.5541100e-001
  9.5541100e-001
  9.5541100e-001
  9.5541100e-001
  9.5689000e-001
  9.5689000e-001
  9.5898200e-001
  9.5898200e-001
  9.6255400e-001
  9.6255400e-001
  9.6612500e-001
  9.6612500e-001
  9.6908300e-001
  9.6908300e-001
  9.7056300e-001
  9.7056300e-001
  9.7056300e-001
  9.7056300e-001
  9.7056300e-001
  9.7056300e-001
  9.7056300e-001
  9.7056300e-001
  9.7056300e-001
  9.7056300e-001
  9.7056300e-001
  9.7056300e-001
  9.7056300e-001
  9.7056300e-001
  9.7056300e-001
  9.7056300e-001
  9.7056300e-001
  9.7056300e-001
  9.7056300e-001
  9.7056300e-001
  9.7056300e-001
  9.7056300e-001
  9.7056300e-001
  9.7056300e-001
  9.7056300e-001
  9.7056300e-001
  9.7056300e-001
  9.7056300e-001
  9.7056300e-001
  9.7056300e-001
  9.7413400e-001
  9.7413400e-001
  9.7413400e-001
  9.7413400e-001
  9.7413400e-001
  9.7413400e-001
  9.7413400e-001
  9.7413400e-001
  9.7413400e-001
  9.7413400e-001
  9.8275600e-001
  9.8275600e-001
  9.8275600e-001
  9.8275600e-001
  9.8484800e-001
  9.8484800e-001
  9.8989900e-001
  9.8989900e-001
  9.8989900e-001
  9.8989900e-001
