  1.5840000e-003
  1.5840000e-003
  2.4510000e-003
  2.4510000e-003
  2.8100000e-003
  2.8100000e-003
  3.5710000e-003
  3.5710000e-003
  3.5710000e-003
  3.5710000e-003
  3.6760000e-003
  3.6760000e-003
  4.5430000e-003
  4.5430000e-003
  4.5430000e-003
  4.5430000e-003
  4.5430000e-003
  4.5430000e-003
  4.5430000e-003
  4.5430000e-003
  4.5430000e-003
  4.5430000e-003
  4.5430000e-003
  4.5430000e-003
  5.4100000e-003
  5.4100000e-003
  6.2760000e-003
  6.2760000e-003
  6.2760000e-003
  6.2760000e-003
  6.2760000e-003
  6.2760000e-003
  6.2760000e-003
  6.2760000e-003
  6.2760000e-003
  6.2760000e-003
  6.2760000e-003
  6.2760000e-003
  7.1430000e-003
  7.1430000e-003
  7.1430000e-003
  7.1430000e-003
  7.1430000e-003
  7.1430000e-003
  7.1430000e-003
  7.1430000e-003
  7.1430000e-003
  7.1430000e-003
  7.1430000e-003
  7.1430000e-003
  7.2480000e-003
  7.2480000e-003
  7.5020000e-003
  7.5020000e-003
  7.7550000e-003
  7.7550000e-003
  9.8470000e-003
  9.8470000e-003
  9.8470000e-003
  9.8470000e-003
  9.8470000e-003
  9.8470000e-003
  9.8470000e-003
  9.8470000e-003
  9.8470000e-003
  9.8470000e-003
  1.2552000e-002
  1.2552000e-002
  1.2552000e-002
  1.2552000e-002
  1.6377000e-002
  1.6377000e-002
  1.6377000e-002
  1.6377000e-002
  1.6377000e-002
  1.6377000e-002
  1.9949000e-002
  1.9949000e-002
  1.9949000e-002
  1.9949000e-002
  1.9949000e-002
  1.9949000e-002
  1.9949000e-002
  1.9949000e-002
  1.9949000e-002
  1.9949000e-002
  1.9949000e-002
  1.9949000e-002
  2.0561000e-002
  2.0561000e-002
  2.0561000e-002
  2.0561000e-002
  2.0561000e-002
  2.0561000e-002
  2.0561000e-002
  2.0561000e-002
  2.0815000e-002
  2.0815000e-002
  2.0815000e-002
  2.0815000e-002
  2.1174000e-002
  2.1174000e-002
  2.1428000e-002
  2.1428000e-002
  2.1428000e-002
  2.1428000e-002
  2.1428000e-002
  2.1428000e-002
  2.1428000e-002
  2.1428000e-002
  2.1428000e-002
  2.1428000e-002
  2.2041000e-002
  2.2041000e-002
  2.2654000e-002
  2.2654000e-002
  2.2907000e-002
  2.2907000e-002
  2.3266000e-002
  2.3266000e-002
  2.4133000e-002
  2.4133000e-002
  2.4999000e-002
  2.4999000e-002
  2.4999000e-002
  2.4999000e-002
  2.4999000e-002
  2.4999000e-002
  2.4999000e-002
  2.4999000e-002
  2.4999000e-002
  2.4999000e-002
  2.4999000e-002
  2.4999000e-002
  2.4999000e-002
  2.4999000e-002
  2.4999000e-002
  2.4999000e-002
  2.5971000e-002
  2.5971000e-002
  2.8571000e-002
  2.8571000e-002
  2.8571000e-002
  2.8571000e-002
  2.8571000e-002
  2.8571000e-002
  2.8930000e-002
  2.8930000e-002
  2.8930000e-002
  2.8930000e-002
  3.0050000e-002
  3.0050000e-002
  3.1275000e-002
  3.1275000e-002
  3.2142000e-002
  3.2142000e-002
  3.2247000e-002
  3.2247000e-002
  3.5101000e-002
  3.5101000e-002
  3.5713000e-002
  3.5713000e-002
  3.5713000e-002
  3.5713000e-002
  3.5713000e-002
  3.5713000e-002
  3.7552000e-002
  3.7552000e-002
  3.8164000e-002
  3.8164000e-002
  3.9897000e-002
  3.9897000e-002
  3.9897000e-002
  3.9897000e-002
  3.9897000e-002
  3.9897000e-002
  3.9897000e-002
  3.9897000e-002
  3.9897000e-002
  3.9897000e-002
  4.0151000e-002
  4.0151000e-002
  4.0764000e-002
  4.0764000e-002
  4.0764000e-002
  4.0764000e-002
  4.0764000e-002
  4.0764000e-002
  4.1631000e-002
  4.1631000e-002
  4.1631000e-002
  4.1631000e-002
  4.1631000e-002
  4.1631000e-002
  4.1631000e-002
  4.1631000e-002
  4.1631000e-002
  4.1631000e-002
  4.1631000e-002
  4.1631000e-002
  4.3215000e-002
  4.3215000e-002
  4.3215000e-002
  4.3215000e-002
  4.4440000e-002
  4.4440000e-002
  4.4948000e-002
  4.4948000e-002
  4.4948000e-002
  4.4948000e-002
  4.5561000e-002
  4.5561000e-002
  4.5815000e-002
  4.5815000e-002
  4.5815000e-002
  4.5815000e-002
  4.5815000e-002
  4.5815000e-002
  4.7294000e-002
  4.7294000e-002
  4.7294000e-002
  4.7294000e-002
  4.8519000e-002
  4.8519000e-002
  4.9132000e-002
  4.9132000e-002
  4.9999000e-002
  4.9999000e-002
  4.9999000e-002
  4.9999000e-002
  4.9999000e-002
  4.9999000e-002
  5.0865000e-002
  5.0865000e-002
  5.3316000e-002
  5.3316000e-002
  5.3675000e-002
  5.3675000e-002
  5.4796000e-002
  5.4796000e-002
  5.5662000e-002
  5.5662000e-002
  5.7141000e-002
  5.7141000e-002
  5.7141000e-002
  5.7141000e-002
  5.7395000e-002
  5.7395000e-002
  5.8367000e-002
  5.8367000e-002
  5.9487000e-002
  5.9487000e-002
  6.0100000e-002
  6.0100000e-002
  6.0100000e-002
  6.0100000e-002
  6.0100000e-002
  6.0100000e-002
  6.2446000e-002
  6.2446000e-002
  6.2551000e-002
  6.2551000e-002
  6.3059000e-002
  6.3059000e-002
  6.3418000e-002
  6.3418000e-002
  6.3418000e-002
  6.3418000e-002
  6.3418000e-002
  6.3418000e-002
  6.3418000e-002
  6.3418000e-002
  6.4284000e-002
  6.4284000e-002
  6.4643000e-002
  6.4643000e-002
  6.5510000e-002
  6.5510000e-002
  6.5763000e-002
  6.5763000e-002
  6.6017000e-002
  6.6017000e-002
  6.6376000e-002
  6.6376000e-002
  6.6376000e-002
  6.6376000e-002
  6.6630000e-002
  6.6630000e-002
  6.9589000e-002
  6.9589000e-002
  6.9589000e-002
  6.9589000e-002
  6.9589000e-002
  6.9589000e-002
  6.9694000e-002
  6.9694000e-002
  7.0201000e-002
  7.0201000e-002
  7.0201000e-002
  7.0201000e-002
  7.0814000e-002
  7.0814000e-002
  7.1068000e-002
  7.1068000e-002
  7.1068000e-002
  7.1068000e-002
  7.1068000e-002
  7.1068000e-002
  7.2652000e-002
  7.2652000e-002
  7.2906000e-002
  7.2906000e-002
  7.3160000e-002
  7.3160000e-002
  7.4639000e-002
  7.4639000e-002
  7.5611000e-002
  7.5611000e-002
  7.8569000e-002
  7.8569000e-002
  7.9795000e-002
  7.9795000e-002
  8.0303000e-002
  8.0303000e-002
  8.0661000e-002
  8.0661000e-002
  8.0915000e-002
  8.0915000e-002
  8.3261000e-002
  8.3261000e-002
  8.3261000e-002
  8.3261000e-002
  8.3366000e-002
  8.3366000e-002
  8.3620000e-002
  8.3620000e-002
  8.3620000e-002
  8.3620000e-002
  8.3620000e-002
  8.3620000e-002
  8.4233000e-002
  8.4233000e-002
  8.4487000e-002
  8.4487000e-002
  8.5353000e-002
  8.5353000e-002
  8.5353000e-002
  8.5353000e-002
  8.5353000e-002
  8.5353000e-002
  8.5353000e-002
  8.5353000e-002
  8.5353000e-002
  8.5353000e-002
  8.5353000e-002
  8.5353000e-002
  8.5712000e-002
  8.5712000e-002
  8.5712000e-002
  8.5712000e-002
  8.7445000e-002
  8.7445000e-002
  8.7445000e-002
  8.7445000e-002
  8.8671000e-002
  8.8671000e-002
  9.0404000e-002
  9.0404000e-002
  9.0404000e-002
  9.0404000e-002
  9.0404000e-002
  9.0404000e-002
  9.0404000e-002
  9.0404000e-002
  9.1883000e-002
  9.1883000e-002
  9.1883000e-002
  9.1883000e-002
  9.1883000e-002
  9.1883000e-002
  9.1883000e-002
  9.1883000e-002
  9.1883000e-002
  9.1883000e-002
  9.4588000e-002
  9.4588000e-002
  9.4588000e-002
  9.4588000e-002
  9.4588000e-002
  9.4588000e-002
  9.4588000e-002
  9.4588000e-002
  9.4588000e-002
  9.4588000e-002
  9.5454000e-002
  9.5454000e-002
  9.6067000e-002
  9.6067000e-002
  9.8159000e-002
  9.8159000e-002
  9.9026000e-002
  9.9026000e-002
  9.9026000e-002
  9.9026000e-002
  9.9131000e-002
  9.9131000e-002
  1.0025100e-001
  1.0025100e-001
  1.0025100e-001
  1.0025100e-001
  1.0086400e-001
  1.0086400e-001
  1.0173100e-001
  1.0173100e-001
  1.0173100e-001
  1.0173100e-001
  1.0173100e-001
  1.0173100e-001
  1.0208900e-001
  1.0208900e-001
  1.0259700e-001
  1.0259700e-001
  1.0259700e-001
  1.0259700e-001
  1.0259700e-001
  1.0259700e-001
  1.0259700e-001
  1.0259700e-001
  1.0407600e-001
  1.0407600e-001
  1.0407600e-001
  1.0407600e-001
  1.0407600e-001
  1.0407600e-001
  1.0407600e-001
  1.0407600e-001
  1.0530200e-001
  1.0530200e-001
  1.0530200e-001
  1.0530200e-001
  1.0566100e-001
  1.0566100e-001
  1.0616800e-001
  1.0616800e-001
  1.0616800e-001
  1.0616800e-001
  1.0616800e-001
  1.0616800e-001
  1.0714000e-001
  1.0714000e-001
  1.0764800e-001
  1.0764800e-001
  1.0764800e-001
  1.0764800e-001
  1.0764800e-001
  1.0764800e-001
  1.0887300e-001
  1.0887300e-001
  1.0887300e-001
  1.0887300e-001
  1.0887300e-001
  1.0887300e-001
  1.0887300e-001
  1.0887300e-001
  1.1121900e-001
  1.1121900e-001
  1.1121900e-001
  1.1121900e-001
  1.1121900e-001
  1.1121900e-001
  1.1219100e-001
  1.1219100e-001
  1.1244500e-001
  1.1244500e-001
  1.1269800e-001
  1.1269800e-001
  1.1269800e-001
  1.1269800e-001
  1.1392400e-001
  1.1392400e-001
  1.1392400e-001
  1.1392400e-001
  1.1428300e-001
  1.1428300e-001
  1.1428300e-001
  1.1428300e-001
  1.1688200e-001
  1.1688200e-001
  1.1688200e-001
  1.1688200e-001
  1.1688200e-001
  1.1688200e-001
  1.1836200e-001
  1.1836200e-001
  1.2045400e-001
  1.2045400e-001
  1.2045400e-001
  1.2045400e-001
  1.2045400e-001
  1.2045400e-001
  1.2055900e-001
  1.2055900e-001
  1.2106700e-001
  1.2106700e-001
  1.2132000e-001
  1.2132000e-001
  1.2132000e-001
  1.2132000e-001
  1.2132000e-001
  1.2132000e-001
  1.2132000e-001
  1.2132000e-001
  1.2132000e-001
  1.2132000e-001
  1.2132000e-001
  1.2132000e-001
  1.2229200e-001
  1.2229200e-001
  1.2315900e-001
  1.2315900e-001
  1.2315900e-001
  1.2315900e-001
  1.2315900e-001
  1.2315900e-001
  1.2341200e-001
  1.2341200e-001
  1.2402500e-001
  1.2402500e-001
  1.2402500e-001
  1.2402500e-001
  1.2402500e-001
  1.2402500e-001
  1.2402500e-001
  1.2402500e-001
  1.2402500e-001
  1.2402500e-001
  1.2402500e-001
  1.2402500e-001
  1.2463800e-001
  1.2463800e-001
  1.2489200e-001
  1.2489200e-001
  1.2489200e-001
  1.2489200e-001
  1.2489200e-001
  1.2489200e-001
  1.2489200e-001
  1.2489200e-001
  1.2489200e-001
  1.2489200e-001
  1.2550400e-001
  1.2550400e-001
  1.2550400e-001
  1.2550400e-001
  1.2907600e-001
  1.2907600e-001
  1.2907600e-001
  1.2907600e-001
  1.2907600e-001
  1.2907600e-001
  1.2943500e-001
  1.2943500e-001
  1.2979400e-001
  1.2979400e-001
  1.3004700e-001
  1.3004700e-001
  1.3030100e-001
  1.3030100e-001
  1.3030100e-001
  1.3030100e-001
  1.3055500e-001
  1.3055500e-001
  1.3055500e-001
  1.3055500e-001
  1.3203400e-001
  1.3203400e-001
  1.3203400e-001
  1.3203400e-001
  1.3203400e-001
  1.3203400e-001
  1.3203400e-001
  1.3203400e-001
  1.3203400e-001
  1.3203400e-001
  1.3239300e-001
  1.3239300e-001
  1.3300600e-001
  1.3300600e-001
  1.3473900e-001
  1.3473900e-001
  1.3484400e-001
  1.3484400e-001
  1.3719000e-001
  1.3719000e-001
  1.3744400e-001
  1.3744400e-001
  1.3744400e-001
  1.3744400e-001
  1.3917700e-001
  1.3917700e-001
  1.3917700e-001
  1.3917700e-001
  1.3917700e-001
  1.3917700e-001
  1.4126900e-001
  1.4126900e-001
  1.4162800e-001
  1.4162800e-001
  1.4188200e-001
  1.4188200e-001
  1.4249500e-001
  1.4249500e-001
  1.4274800e-001
  1.4274800e-001
  1.4336100e-001
  1.4336100e-001
  1.4336100e-001
  1.4336100e-001
  1.4336100e-001
  1.4336100e-001
  1.4336100e-001
  1.4336100e-001
  1.4336100e-001
  1.4336100e-001
  1.4336100e-001
  1.4336100e-001
  1.4458700e-001
  1.4458700e-001
  1.4458700e-001
  1.4458700e-001
  1.4458700e-001
  1.4458700e-001
  1.4458700e-001
  1.4458700e-001
  1.4458700e-001
  1.4458700e-001
  1.4458700e-001
  1.4458700e-001
  1.4545300e-001
  1.4545300e-001
  1.4545300e-001
  1.4545300e-001
  1.4570700e-001
  1.4570700e-001
  1.4581200e-001
  1.4581200e-001
  1.4754500e-001
  1.4754500e-001
  1.4927800e-001
  1.4927800e-001
  1.4927800e-001
  1.4927800e-001
  1.4927800e-001
  1.4927800e-001
  1.4927800e-001
  1.4927800e-001
  1.4927800e-001
  1.4927800e-001
  1.4927800e-001
  1.4927800e-001
  1.4927800e-001
  1.4927800e-001
  1.4963700e-001
  1.4963700e-001
  1.4999600e-001
  1.4999600e-001
  1.5086300e-001
  1.5086300e-001
  1.5172900e-001
  1.5172900e-001
  1.5295500e-001
  1.5295500e-001
  1.5346200e-001
  1.5346200e-001
  1.5346200e-001
  1.5346200e-001
  1.5346200e-001
  1.5346200e-001
  1.5346200e-001
  1.5346200e-001
  1.5382100e-001
  1.5382100e-001
  1.5432900e-001
  1.5432900e-001
  1.5432900e-001
  1.5432900e-001
  1.5432900e-001
  1.5432900e-001
  1.5432900e-001
  1.5432900e-001
  1.5504700e-001
  1.5504700e-001
  1.5504700e-001
  1.5504700e-001
  1.5923100e-001
  1.5923100e-001
  1.6009700e-001
  1.6009700e-001
  1.6060500e-001
  1.6060500e-001
  1.6060500e-001
  1.6060500e-001
  1.6060500e-001
  1.6060500e-001
  1.6060500e-001
  1.6060500e-001
  1.6096400e-001
  1.6096400e-001
  1.6121800e-001
  1.6121800e-001
  1.6183100e-001
  1.6183100e-001
  1.6218900e-001
  1.6218900e-001
  1.6478900e-001
  1.6478900e-001
  1.6514800e-001
  1.6514800e-001
  1.6514800e-001
  1.6514800e-001
  1.6565600e-001
  1.6565600e-001
  1.6565600e-001
  1.6565600e-001
  1.6688100e-001
  1.6688100e-001
  1.6774800e-001
  1.6774800e-001
  1.6774800e-001
  1.6774800e-001
  1.6774800e-001
  1.6774800e-001
  1.6861400e-001
  1.6861400e-001
  1.6861400e-001
  1.6861400e-001
  1.6861400e-001
  1.6861400e-001
  1.6861400e-001
  1.6861400e-001
  1.6922700e-001
  1.6922700e-001
  1.7009400e-001
  1.7009400e-001
  1.7019900e-001
  1.7019900e-001
  1.7019900e-001
  1.7019900e-001
  1.7045300e-001
  1.7045300e-001
  1.7070600e-001
  1.7070600e-001
  1.7218600e-001
  1.7218600e-001
  1.7218600e-001
  1.7218600e-001
  1.7218600e-001
  1.7218600e-001
  1.7218600e-001
  1.7218600e-001
  1.7218600e-001
  1.7218600e-001
  1.7218600e-001
  1.7218600e-001
  1.7218600e-001
  1.7218600e-001
  1.7229100e-001
  1.7229100e-001
  1.7341100e-001
  1.7341100e-001
  1.7402400e-001
  1.7402400e-001
  1.7524900e-001
  1.7524900e-001
  1.7698200e-001
  1.7698200e-001
  1.7759500e-001
  1.7759500e-001
  1.7907400e-001
  1.7907400e-001
  1.7932800e-001
  1.7932800e-001
  1.7943300e-001
  1.7943300e-001
  1.8030000e-001
  1.8030000e-001
  1.8030000e-001
  1.8030000e-001
  1.8055400e-001
  1.8055400e-001
  1.8080800e-001
  1.8080800e-001
  1.8080800e-001
  1.8080800e-001
  1.8203300e-001
  1.8203300e-001
  1.8203300e-001
  1.8203300e-001
  1.8203300e-001
  1.8203300e-001
  1.8325900e-001
  1.8325900e-001
  1.8376600e-001
  1.8376600e-001
  1.8376600e-001
  1.8376600e-001
  1.8376600e-001
  1.8376600e-001
  1.8376600e-001
  1.8376600e-001
  1.8376600e-001
  1.8376600e-001
  1.8376600e-001
  1.8376600e-001
  1.8376600e-001
  1.8376600e-001
  1.8376600e-001
  1.8376600e-001
  1.8376600e-001
  1.8376600e-001
  1.8560400e-001
  1.8560400e-001
  1.8560400e-001
  1.8560400e-001
  1.8621700e-001
  1.8621700e-001
  1.8647100e-001
  1.8647100e-001
  1.8683000e-001
  1.8683000e-001
  1.8733800e-001
  1.8733800e-001
  1.8769600e-001
  1.8769600e-001
  1.9040100e-001
  1.9040100e-001
  1.9040100e-001
  1.9040100e-001
  1.9310600e-001
  1.9310600e-001
  1.9336000e-001
  1.9336000e-001
  1.9458500e-001
  1.9458500e-001
  1.9509300e-001
  1.9509300e-001
  1.9509300e-001
  1.9509300e-001
  1.9545200e-001
  1.9545200e-001
  1.9545200e-001
  1.9545200e-001
  1.9545200e-001
  1.9545200e-001
  1.9595900e-001
  1.9595900e-001
  1.9595900e-001
  1.9595900e-001
  1.9595900e-001
  1.9595900e-001
  1.9595900e-001
  1.9595900e-001
  1.9729000e-001
  1.9729000e-001
  1.9805200e-001
  1.9805200e-001
  1.9805200e-001
  1.9805200e-001
  1.9815700e-001
  1.9815700e-001
  2.0050300e-001
  2.0050300e-001
  2.0075600e-001
  2.0075600e-001
  2.0136900e-001
  2.0136900e-001
  2.0162300e-001
  2.0162300e-001
  2.0223600e-001
  2.0223600e-001
  2.0223600e-001
  2.0223600e-001
  2.0468700e-001
  2.0468700e-001
  2.0519400e-001
  2.0519400e-001
  2.0519400e-001
  2.0519400e-001
  2.0519400e-001
  2.0519400e-001
  2.0519400e-001
  2.0519400e-001
  2.0580700e-001
  2.0580700e-001
  2.0580700e-001
  2.0580700e-001
  2.0815300e-001
  2.0815300e-001
  2.0815300e-001
  2.0815300e-001
  2.0815300e-001
  2.0815300e-001
  2.0876600e-001
  2.0876600e-001
  2.0876600e-001
  2.0876600e-001
  2.1024500e-001
  2.1024500e-001
  2.1024500e-001
  2.1024500e-001
  2.1024500e-001
  2.1024500e-001
  2.1024500e-001
  2.1024500e-001
  2.1024500e-001
  2.1024500e-001
  2.1024500e-001
  2.1024500e-001
  2.1085800e-001
  2.1085800e-001
  2.1147000e-001
  2.1147000e-001
  2.1147000e-001
  2.1147000e-001
  2.1147000e-001
  2.1147000e-001
  2.1147000e-001
  2.1147000e-001
  2.1147000e-001
  2.1147000e-001
  2.1233700e-001
  2.1233700e-001
  2.1233700e-001
  2.1233700e-001
  2.1233700e-001
  2.1233700e-001
  2.1233700e-001
  2.1233700e-001
  2.1233700e-001
  2.1233700e-001
  2.1233700e-001
  2.1233700e-001
  2.1320300e-001
  2.1320300e-001
  2.1320300e-001
  2.1320300e-001
  2.1320300e-001
  2.1320300e-001
  2.1320300e-001
  2.1320300e-001
  2.1320300e-001
  2.1320300e-001
  2.1320300e-001
  2.1320300e-001
  2.1330900e-001
  2.1330900e-001
  2.1442900e-001
  2.1442900e-001
  2.1478800e-001
  2.1478800e-001
  2.1504200e-001
  2.1504200e-001
  2.1565400e-001
  2.1565400e-001
  2.1652100e-001
  2.1652100e-001
  2.1677500e-001
  2.1677500e-001
  2.1677500e-001
  2.1677500e-001
  2.1677500e-001
  2.1677500e-001
  2.1713400e-001
  2.1713400e-001
  2.1774600e-001
  2.1774600e-001
  2.1861300e-001
  2.1861300e-001
  2.1861300e-001
  2.1861300e-001
  2.1886700e-001
  2.1886700e-001
  2.2009200e-001
  2.2009200e-001
  2.2034600e-001
  2.2034600e-001
  2.2070500e-001
  2.2070500e-001
  2.2070500e-001
  2.2070500e-001
  2.2070500e-001
  2.2070500e-001
  2.2070500e-001
  2.2070500e-001
  2.2070500e-001
  2.2070500e-001
  2.2070500e-001
  2.2070500e-001
  2.2095900e-001
  2.2095900e-001
  2.2243800e-001
  2.2243800e-001
  2.2243800e-001
  2.2243800e-001
  2.2243800e-001
  2.2243800e-001
  2.2305100e-001
  2.2305100e-001
  2.2391700e-001
  2.2391700e-001
  2.2402300e-001
  2.2402300e-001
  2.2453000e-001
  2.2453000e-001
  2.2453000e-001
  2.2453000e-001
  2.2488900e-001
  2.2488900e-001
  2.2575600e-001
  2.2575600e-001
  2.2575600e-001
  2.2575600e-001
  2.2575600e-001
  2.2575600e-001
  2.2575600e-001
  2.2575600e-001
  2.2575600e-001
  2.2575600e-001
  2.2662200e-001
  2.2662200e-001
  2.2662200e-001
  2.2662200e-001
  2.2748900e-001
  2.2748900e-001
  2.2748900e-001
  2.2748900e-001
  2.2748900e-001
  2.2748900e-001
  2.2748900e-001
  2.2748900e-001
  2.2748900e-001
  2.2748900e-001
  2.2748900e-001
  2.2748900e-001
  2.2810200e-001
  2.2810200e-001
  2.2896800e-001
  2.2896800e-001
  2.2932700e-001
  2.2932700e-001
  2.3019400e-001
  2.3019400e-001
  2.3253900e-001
  2.3253900e-001
  2.3253900e-001
  2.3253900e-001
  2.3253900e-001
  2.3253900e-001
  2.3376500e-001
  2.3376500e-001
  2.3376500e-001
  2.3376500e-001
  2.3401900e-001
  2.3401900e-001
  2.3401900e-001
  2.3401900e-001
  2.3585700e-001
  2.3585700e-001
  2.3585700e-001
  2.3585700e-001
  2.3585700e-001
  2.3585700e-001
  2.3585700e-001
  2.3585700e-001
  2.3611100e-001
  2.3611100e-001
  2.3647000e-001
  2.3647000e-001
  2.3733600e-001
  2.3733600e-001
  2.3820300e-001
  2.3820300e-001
  2.3820300e-001
  2.3820300e-001
  2.3820300e-001
  2.3820300e-001
  2.3820300e-001
  2.3820300e-001
  2.3820300e-001
  2.3820300e-001
  2.3856200e-001
  2.3856200e-001
  2.4004100e-001
  2.4004100e-001
  2.4004100e-001
  2.4004100e-001
  2.4090800e-001
  2.4090800e-001
  2.4177400e-001
  2.4177400e-001
  2.4177400e-001
  2.4177400e-001
  2.4177400e-001
  2.4177400e-001
  2.4177400e-001
  2.4177400e-001
  2.4177400e-001
  2.4177400e-001
  2.4264100e-001
  2.4264100e-001
  2.4264100e-001
  2.4264100e-001
  2.4264100e-001
  2.4264100e-001
  2.4264100e-001
  2.4264100e-001
  2.4264100e-001
  2.4264100e-001
  2.4264100e-001
  2.4264100e-001
  2.4264100e-001
  2.4264100e-001
  2.4264100e-001
  2.4264100e-001
  2.4264100e-001
  2.4264100e-001
  2.4264100e-001
  2.4264100e-001
  2.4264100e-001
  2.4264100e-001
  2.4264100e-001
  2.4264100e-001
  2.4264100e-001
  2.4264100e-001
  2.4264100e-001
  2.4264100e-001
  2.4264100e-001
  2.4264100e-001
  2.4325300e-001
  2.4325300e-001
  2.4509200e-001
  2.4509200e-001
  2.4545100e-001
  2.4545100e-001
  2.4595800e-001
  2.4595800e-001
  2.4595800e-001
  2.4595800e-001
  2.4621200e-001
  2.4621200e-001
  2.4621200e-001
  2.4621200e-001
  2.4621200e-001
  2.4621200e-001
  2.4631700e-001
  2.4631700e-001
  2.4682500e-001
  2.4682500e-001
  2.4891700e-001
  2.4891700e-001
  2.4927600e-001
  2.4927600e-001
  2.4978300e-001
  2.4978300e-001
  2.4978300e-001
  2.4978300e-001
  2.4978300e-001
  2.4978300e-001
  2.4978300e-001
  2.4978300e-001
  2.4978300e-001
  2.4978300e-001
  2.4978300e-001
  2.4978300e-001
  2.5039600e-001
  2.5039600e-001
  2.5050100e-001
  2.5050100e-001
  2.5075500e-001
  2.5075500e-001
  2.5100900e-001
  2.5100900e-001
  2.5136800e-001
  2.5136800e-001
  2.5248800e-001
  2.5248800e-001
  2.5248800e-001
  2.5248800e-001
  2.5396700e-001
  2.5396700e-001
  2.5396700e-001
  2.5396700e-001
  2.5483400e-001
  2.5483400e-001
  2.5519300e-001
  2.5519300e-001
  2.5519300e-001
  2.5519300e-001
  2.5555200e-001
  2.5555200e-001
  2.5605900e-001
  2.5605900e-001
  2.5605900e-001
  2.5605900e-001
  2.5605900e-001
  2.5605900e-001
  2.5667200e-001
  2.5667200e-001
  2.5667200e-001
  2.5667200e-001
  2.5692600e-001
  2.5692600e-001
  2.5692600e-001
  2.5692600e-001
  2.5692600e-001
  2.5692600e-001
  2.5692600e-001
  2.5692600e-001
  2.5692600e-001
  2.5692600e-001
  2.5692600e-001
  2.5692600e-001
  2.5876400e-001
  2.5876400e-001
  2.5876400e-001
  2.5876400e-001
  2.6024400e-001
  2.6024400e-001
  2.6024400e-001
  2.6024400e-001
  2.6085600e-001
  2.6085600e-001
  2.6111000e-001
  2.6111000e-001
  2.6111000e-001
  2.6111000e-001
  2.6111000e-001
  2.6111000e-001
  2.6111000e-001
  2.6111000e-001
  2.6111000e-001
  2.6111000e-001
  2.6111000e-001
  2.6111000e-001
  2.6111000e-001
  2.6111000e-001
  2.6111000e-001
  2.6111000e-001
  2.6111000e-001
  2.6111000e-001
  2.6111000e-001
  2.6111000e-001
  2.6111000e-001
  2.6111000e-001
  2.6320200e-001
  2.6320200e-001
  2.6320200e-001
  2.6320200e-001
  2.6345600e-001
  2.6345600e-001
  2.6406900e-001
  2.6406900e-001
  2.6406900e-001
  2.6406900e-001
  2.6406900e-001
  2.6406900e-001
  2.6406900e-001
  2.6406900e-001
  2.6406900e-001
  2.6406900e-001
  2.6406900e-001
  2.6406900e-001
  2.6406900e-001
  2.6406900e-001
  2.6406900e-001
  2.6406900e-001
  2.6442800e-001
  2.6442800e-001
  2.6478700e-001
  2.6478700e-001
  2.6590700e-001
  2.6590700e-001
  2.6764000e-001
  2.6764000e-001
  2.6764000e-001
  2.6764000e-001
  2.6861200e-001
  2.6861200e-001
  2.6911900e-001
  2.6911900e-001
  2.6911900e-001
  2.6911900e-001
  2.7034500e-001
  2.7034500e-001
  2.7034500e-001
  2.7034500e-001
  2.7034500e-001
  2.7034500e-001
  2.7034500e-001
  2.7034500e-001
  2.7059900e-001
  2.7059900e-001
  2.7095800e-001
  2.7095800e-001
  2.7121100e-001
  2.7121100e-001
  2.7121100e-001
  2.7121100e-001
  2.7121100e-001
  2.7121100e-001
  2.7121100e-001
  2.7121100e-001
  2.7121100e-001
  2.7121100e-001
  2.7121100e-001
  2.7121100e-001
  2.7121100e-001
  2.7121100e-001
  2.7121100e-001
  2.7121100e-001
  2.7121100e-001
  2.7121100e-001
  2.7121100e-001
  2.7121100e-001
  2.7121100e-001
  2.7121100e-001
  2.7157000e-001
  2.7157000e-001
  2.7478300e-001
  2.7478300e-001
  2.7478300e-001
  2.7478300e-001
  2.7564900e-001
  2.7564900e-001
  2.7564900e-001
  2.7564900e-001
  2.7575400e-001
  2.7575400e-001
  2.7662100e-001
  2.7662100e-001
  2.7662100e-001
  2.7662100e-001
  2.7835400e-001
  2.7835400e-001
  2.7958000e-001
  2.7958000e-001
  2.8044600e-001
  2.8044600e-001
  2.8044600e-001
  2.8044600e-001
  2.8105900e-001
  2.8105900e-001
  2.8131300e-001
  2.8131300e-001
  2.8131300e-001
  2.8131300e-001
  2.8131300e-001
  2.8131300e-001
  2.8131300e-001
  2.8131300e-001
  2.8131300e-001
  2.8131300e-001
  2.8131300e-001
  2.8131300e-001
  2.8131300e-001
  2.8131300e-001
  2.8131300e-001
  2.8131300e-001
  2.8131300e-001
  2.8131300e-001
  2.8131300e-001
  2.8131300e-001
  2.8131300e-001
  2.8131300e-001
  2.8340500e-001
  2.8340500e-001
  2.8340500e-001
  2.8340500e-001
  2.8437600e-001
  2.8437600e-001
  2.8636300e-001
  2.8636300e-001
  2.8636300e-001
  2.8636300e-001
  2.8636300e-001
  2.8636300e-001
  2.8636300e-001
  2.8636300e-001
  2.8636300e-001
  2.8636300e-001
  2.8636300e-001
  2.8636300e-001
  2.8636300e-001
  2.8636300e-001
  2.8636300e-001
  2.8636300e-001
  2.8636300e-001
  2.8636300e-001
  2.8636300e-001
  2.8636300e-001
  2.8784300e-001
  2.8784300e-001
  2.8820200e-001
  2.8820200e-001
  2.8845500e-001
  2.8845500e-001
  2.8881400e-001
  2.8881400e-001
  2.8906800e-001
  2.8906800e-001
  2.8968100e-001
  2.8968100e-001
  2.9054700e-001
  2.9054700e-001
  2.9054700e-001
  2.9054700e-001
  2.9054700e-001
  2.9054700e-001
  2.9054700e-001
  2.9054700e-001
  2.9054700e-001
  2.9054700e-001
  2.9090600e-001
  2.9090600e-001
  2.9141400e-001
  2.9141400e-001
  2.9141400e-001
  2.9141400e-001
  2.9141400e-001
  2.9141400e-001
  2.9141400e-001
  2.9141400e-001
  2.9141400e-001
  2.9141400e-001
  2.9141400e-001
  2.9141400e-001
  2.9141400e-001
  2.9141400e-001
  2.9141400e-001
  2.9141400e-001
  2.9141400e-001
  2.9141400e-001
  2.9177300e-001
  2.9177300e-001
  2.9177300e-001
  2.9177300e-001
  2.9177300e-001
  2.9177300e-001
  2.9202700e-001
  2.9202700e-001
  2.9213200e-001
  2.9213200e-001
  2.9534400e-001
  2.9534400e-001
  2.9559800e-001
  2.9559800e-001
  2.9559800e-001
  2.9559800e-001
  2.9621100e-001
  2.9621100e-001
  2.9621100e-001
  2.9621100e-001
  2.9621100e-001
  2.9621100e-001
  2.9621100e-001
  2.9621100e-001
  2.9646500e-001
  2.9646500e-001
  2.9646500e-001
  2.9646500e-001
  2.9646500e-001
  2.9646500e-001
  2.9646500e-001
  2.9646500e-001
  2.9646500e-001
  2.9646500e-001
  2.9646500e-001
  2.9646500e-001
  2.9646500e-001
  2.9646500e-001
  2.9646500e-001
  2.9646500e-001
  2.9646500e-001
  2.9646500e-001
  2.9646500e-001
  2.9646500e-001
  2.9646500e-001
  2.9646500e-001
  2.9646500e-001
  2.9646500e-001
  2.9718200e-001
  2.9718200e-001
  2.9891600e-001
  2.9891600e-001
  2.9978200e-001
  2.9978200e-001
  2.9978200e-001
  2.9978200e-001
  2.9978200e-001
  2.9978200e-001
  3.0003600e-001
  3.0003600e-001
  3.0310000e-001
  3.0310000e-001
  3.0422000e-001
  3.0422000e-001
  3.0422000e-001
  3.0422000e-001
  3.0422000e-001
  3.0422000e-001
  3.0457900e-001
  3.0457900e-001
  3.0508700e-001
  3.0508700e-001
  3.0508700e-001
  3.0508700e-001
  3.0580400e-001
  3.0580400e-001
  3.0605800e-001
  3.0605800e-001
  3.0605800e-001
  3.0605800e-001
  3.0692500e-001
  3.0692500e-001
  3.0692500e-001
  3.0692500e-001
  3.0692500e-001
  3.0692500e-001
  3.0692500e-001
  3.0692500e-001
  3.0717900e-001
  3.0717900e-001
  3.0876300e-001
  3.0876300e-001
  3.0927100e-001
  3.0927100e-001
  3.0963000e-001
  3.0963000e-001
  3.0963000e-001
  3.0963000e-001
  3.0963000e-001
  3.0963000e-001
  3.1110900e-001
  3.1110900e-001
  3.1136300e-001
  3.1136300e-001
  3.1197500e-001
  3.1197500e-001
  3.1222900e-001
  3.1222900e-001
  3.1222900e-001
  3.1222900e-001
  3.1233400e-001
  3.1233400e-001
  3.1284200e-001
  3.1284200e-001
  3.1284200e-001
  3.1284200e-001
  3.1320100e-001
  3.1320100e-001
  3.1320100e-001
  3.1320100e-001
  3.1320100e-001
  3.1320100e-001
  3.1432100e-001
  3.1432100e-001
  3.1580100e-001
  3.1580100e-001
  3.1702600e-001
  3.1702600e-001
  3.1702600e-001
  3.1702600e-001
  3.1789300e-001
  3.1789300e-001
  3.1825200e-001
  3.1825200e-001
  3.1850500e-001
  3.1850500e-001
  3.1998500e-001
  3.1998500e-001
  3.2207700e-001
  3.2207700e-001
  3.2207700e-001
  3.2207700e-001
  3.2207700e-001
  3.2207700e-001
  3.2243600e-001
  3.2243600e-001
  3.2366100e-001
  3.2366100e-001
  3.2416900e-001
  3.2416900e-001
  3.2416900e-001
  3.2416900e-001
  3.2442300e-001
  3.2442300e-001
  3.2442300e-001
  3.2442300e-001
  3.2442300e-001
  3.2442300e-001
  3.2442300e-001
  3.2442300e-001
  3.2442300e-001
  3.2442300e-001
  3.2478100e-001
  3.2478100e-001
  3.2478100e-001
  3.2478100e-001
  3.2626100e-001
  3.2626100e-001
  3.2748600e-001
  3.2748600e-001
  3.2835300e-001
  3.2835300e-001
  3.2835300e-001
  3.2835300e-001
  3.2835300e-001
  3.2835300e-001
  3.2921900e-001
  3.2921900e-001
  3.2921900e-001
  3.2921900e-001
  3.2921900e-001
  3.2921900e-001
  3.2921900e-001
  3.2921900e-001
  3.2947300e-001
  3.2947300e-001
  3.3069900e-001
  3.3069900e-001
  3.3105800e-001
  3.3105800e-001
  3.3217800e-001
  3.3217800e-001
  3.3279100e-001
  3.3279100e-001
  3.3304400e-001
  3.3304400e-001
  3.3304400e-001
  3.3304400e-001
  3.3304400e-001
  3.3304400e-001
  3.3304400e-001
  3.3304400e-001
  3.3304400e-001
  3.3304400e-001
  3.3365700e-001
  3.3365700e-001
  3.3452400e-001
  3.3452400e-001
  3.3452400e-001
  3.3452400e-001
  3.3758800e-001
  3.3758800e-001
  3.3809500e-001
  3.3809500e-001
  3.3809500e-001
  3.3809500e-001
  3.3809500e-001
  3.3809500e-001
  3.3906700e-001
  3.3906700e-001
  3.3993300e-001
  3.3993300e-001
  3.3993300e-001
  3.3993300e-001
  3.4115900e-001
  3.4115900e-001
  3.4166600e-001
  3.4166600e-001
  3.4166600e-001
  3.4166600e-001
  3.4166600e-001
  3.4166600e-001
  3.4166600e-001
  3.4166600e-001
  3.4263800e-001
  3.4263800e-001
  3.4263800e-001
  3.4263800e-001
  3.4707600e-001
  3.4707600e-001
  3.5028800e-001
  3.5028800e-001
  3.5028800e-001
  3.5028800e-001
  3.5028800e-001
  3.5028800e-001
  3.5187300e-001
  3.5187300e-001
  3.5273900e-001
  3.5273900e-001
  3.5273900e-001
  3.5273900e-001
  3.5335200e-001
  3.5335200e-001
  3.5386000e-001
  3.5386000e-001
  3.5447300e-001
  3.5447300e-001
  3.5447300e-001
  3.5447300e-001
  3.5508500e-001
  3.5508500e-001
  3.5656500e-001
  3.5656500e-001
  3.5743100e-001
  3.5743100e-001
  3.5743100e-001
  3.5743100e-001
  3.5779000e-001
  3.5779000e-001
  3.5779000e-001
  3.5779000e-001
  3.5779000e-001
  3.5779000e-001
  3.5779000e-001
  3.5779000e-001
  3.5779000e-001
  3.5779000e-001
  3.5779000e-001
  3.5779000e-001
  3.6161500e-001
  3.6161500e-001
  3.6161500e-001
  3.6161500e-001
  3.6161500e-001
  3.6161500e-001
  3.6161500e-001
  3.6161500e-001
  3.6248200e-001
  3.6248200e-001
  3.6248200e-001
  3.6248200e-001
  3.6248200e-001
  3.6248200e-001
  3.6248200e-001
  3.6248200e-001
  3.6248200e-001
  3.6248200e-001
  3.6320000e-001
  3.6320000e-001
  3.6396100e-001
  3.6396100e-001
  3.6396100e-001
  3.6396100e-001
  3.6518700e-001
  3.6518700e-001
  3.6605300e-001
  3.6605300e-001
  3.6666600e-001
  3.6666600e-001
  3.6666600e-001
  3.6666600e-001
  3.6666600e-001
  3.6666600e-001
  3.6753200e-001
  3.6753200e-001
  3.6753200e-001
  3.6753200e-001
  3.6753200e-001
  3.6753200e-001
  3.6753200e-001
  3.6753200e-001
  3.6753200e-001
  3.6753200e-001
  3.6753200e-001
  3.6753200e-001
  3.6962400e-001
  3.6962400e-001
  3.6962400e-001
  3.6962400e-001
  3.6962400e-001
  3.6962400e-001
  3.6962400e-001
  3.6962400e-001
  3.7059600e-001
  3.7059600e-001
  3.7110400e-001
  3.7110400e-001
  3.7110400e-001
  3.7110400e-001
  3.7120900e-001
  3.7120900e-001
  3.7171600e-001
  3.7171600e-001
  3.7171600e-001
  3.7171600e-001
  3.7232900e-001
  3.7232900e-001
  3.7294200e-001
  3.7294200e-001
  3.7294200e-001
  3.7294200e-001
  3.7294200e-001
  3.7294200e-001
  3.7294200e-001
  3.7294200e-001
  3.7294200e-001
  3.7294200e-001
  3.7294200e-001
  3.7294200e-001
  3.7294200e-001
  3.7294200e-001
  3.7294200e-001
  3.7294200e-001
  3.7319600e-001
  3.7319600e-001
  3.7528800e-001
  3.7528800e-001
  3.7528800e-001
  3.7528800e-001
  3.7625900e-001
  3.7625900e-001
  3.7712600e-001
  3.7712600e-001
  3.7738000e-001
  3.7738000e-001
  3.8304300e-001
  3.8304300e-001
  3.8304300e-001
  3.8304300e-001
  3.8304300e-001
  3.8304300e-001
  3.8426900e-001
  3.8426900e-001
  3.8452300e-001
  3.8452300e-001
  3.8477600e-001
  3.8477600e-001
  3.8477600e-001
  3.8477600e-001
  3.8477600e-001
  3.8477600e-001
  3.8538900e-001
  3.8538900e-001
  3.8600200e-001
  3.8600200e-001
  3.8600200e-001
  3.8600200e-001
  3.8686800e-001
  3.8686800e-001
  3.8686800e-001
  3.8686800e-001
  3.8686800e-001
  3.8686800e-001
  3.8722700e-001
  3.8722700e-001
  3.8809400e-001
  3.8809400e-001
  3.8809400e-001
  3.8809400e-001
  3.8809400e-001
  3.8809400e-001
  3.8809400e-001
  3.8809400e-001
  3.8809400e-001
  3.8809400e-001
  3.8809400e-001
  3.8809400e-001
  3.8809400e-001
  3.8809400e-001
  3.8809400e-001
  3.8809400e-001
  3.8809400e-001
  3.8809400e-001
  3.8896000e-001
  3.8896000e-001
  3.8896000e-001
  3.8896000e-001
  3.8896000e-001
  3.8896000e-001
  3.8896000e-001
  3.8896000e-001
  3.8896000e-001
  3.8896000e-001
  3.9462400e-001
  3.9462400e-001
  3.9549000e-001
  3.9549000e-001
  3.9549000e-001
  3.9549000e-001
  3.9549000e-001
  3.9549000e-001
  3.9549000e-001
  3.9549000e-001
  3.9697000e-001
  3.9697000e-001
  3.9697000e-001
  3.9697000e-001
  3.9697000e-001
  3.9697000e-001
  3.9697000e-001
  3.9697000e-001
  3.9697000e-001
  3.9697000e-001
  3.9697000e-001
  3.9697000e-001
  3.9697000e-001
  3.9697000e-001
  3.9880800e-001
  3.9880800e-001
  3.9906200e-001
  3.9906200e-001
  3.9906200e-001
  3.9906200e-001
  3.9906200e-001
  3.9906200e-001
  3.9906200e-001
  3.9906200e-001
  3.9942100e-001
  3.9942100e-001
  3.9967400e-001
  3.9967400e-001
  3.9967400e-001
  3.9967400e-001
  4.0054100e-001
  4.0054100e-001
  4.0054100e-001
  4.0054100e-001
  4.0054100e-001
  4.0054100e-001
  4.0054100e-001
  4.0054100e-001
  4.0054100e-001
  4.0054100e-001
  4.0054100e-001
  4.0054100e-001
  4.0090000e-001
  4.0090000e-001
  4.0263300e-001
  4.0263300e-001
  4.0411200e-001
  4.0411200e-001
  4.0483000e-001
  4.0483000e-001
  4.0569700e-001
  4.0569700e-001
  4.0595100e-001
  4.0595100e-001
  4.0595100e-001
  4.0595100e-001
  4.0916300e-001
  4.0916300e-001
  4.0926800e-001
  4.0926800e-001
  4.1309300e-001
  4.1309300e-001
  4.1334700e-001
  4.1334700e-001
  4.1334700e-001
  4.1334700e-001
  4.1334700e-001
  4.1334700e-001
  4.1421400e-001
  4.1421400e-001
  4.1421400e-001
  4.1421400e-001
  4.1421400e-001
  4.1421400e-001
  4.1421400e-001
  4.1421400e-001
  4.1457200e-001
  4.1457200e-001
  4.1543900e-001
  4.1543900e-001
  4.1630600e-001
  4.1630600e-001
  4.1630600e-001
  4.1630600e-001
  4.1666500e-001
  4.1666500e-001
  4.1666500e-001
  4.1666500e-001
  4.1666500e-001
  4.1666500e-001
  4.1666500e-001
  4.1666500e-001
  4.1666500e-001
  4.1666500e-001
  4.1911600e-001
  4.1911600e-001
  4.2110200e-001
  4.2110200e-001
  4.2171500e-001
  4.2171500e-001
  4.2171500e-001
  4.2171500e-001
  4.2196900e-001
  4.2196900e-001
  4.2196900e-001
  4.2196900e-001
  4.2196900e-001
  4.2196900e-001
  4.2344800e-001
  4.2344800e-001
  4.2344800e-001
  4.2344800e-001
  4.2344800e-001
  4.2344800e-001
  4.2344800e-001
  4.2344800e-001
  4.2467400e-001
  4.2467400e-001
  4.2467400e-001
  4.2467400e-001
  4.2503300e-001
  4.2503300e-001
  4.2997800e-001
  4.2997800e-001
  4.2997800e-001
  4.2997800e-001
  4.2997800e-001
  4.2997800e-001
  4.3426700e-001
  4.3426700e-001
  4.3502900e-001
  4.3502900e-001
  4.3502900e-001
  4.3502900e-001
  4.3513400e-001
  4.3513400e-001
  4.3538800e-001
  4.3538800e-001
  4.3625400e-001
  4.3625400e-001
  4.3686700e-001
  4.3686700e-001
  4.3712100e-001
  4.3712100e-001
  4.3712100e-001
  4.3712100e-001
  4.3712100e-001
  4.3712100e-001
  4.3773400e-001
  4.3773400e-001
  4.3860000e-001
  4.3860000e-001
  4.3860000e-001
  4.3860000e-001
  4.3860000e-001
  4.3860000e-001
  4.3860000e-001
  4.3860000e-001
  4.3860000e-001
  4.3860000e-001
  4.3860000e-001
  4.3860000e-001
  4.3860000e-001
  4.3860000e-001
  4.3860000e-001
  4.3860000e-001
  4.3860000e-001
  4.3860000e-001
  4.3860000e-001
  4.3860000e-001
  4.3860000e-001
  4.3860000e-001
  4.3860000e-001
  4.3860000e-001
  4.3860000e-001
  4.3860000e-001
  4.3860000e-001
  4.3860000e-001
  4.3860000e-001
  4.3860000e-001
  4.3860000e-001
  4.3860000e-001
  4.3860000e-001
  4.3860000e-001
  4.3860000e-001
  4.3860000e-001
  4.3860000e-001
  4.3860000e-001
  4.4069200e-001
  4.4069200e-001
  4.4069200e-001
  4.4069200e-001
  4.4069200e-001
  4.4069200e-001
  4.4069200e-001
  4.4069200e-001
  4.4191800e-001
  4.4191800e-001
  4.4314300e-001
  4.4314300e-001
  4.4339700e-001
  4.4339700e-001
  4.4487600e-001
  4.4487600e-001
  4.4487600e-001
  4.4487600e-001
  4.4671500e-001
  4.4671500e-001
  4.4696800e-001
  4.4696800e-001
  4.4696800e-001
  4.4696800e-001
  4.4696800e-001
  4.4696800e-001
  4.4696800e-001
  4.4696800e-001
  4.4696800e-001
  4.4696800e-001
  4.4696800e-001
  4.4696800e-001
  4.4696800e-001
  4.4696800e-001
  4.4696800e-001
  4.4696800e-001
  4.4696800e-001
  4.4696800e-001
  4.4722200e-001
  4.4722200e-001
  4.4783500e-001
  4.4783500e-001
  4.4783500e-001
  4.4783500e-001
  4.4783500e-001
  4.4783500e-001
  4.4783500e-001
  4.4783500e-001
  4.4783500e-001
  4.4783500e-001
  4.4783500e-001
  4.4783500e-001
  4.4783500e-001
  4.4783500e-001
  4.4819400e-001
  4.4819400e-001
  4.4931400e-001
  4.4931400e-001
  4.4967300e-001
  4.4967300e-001
  4.5237800e-001
  4.5237800e-001
  4.5447000e-001
  4.5447000e-001
  4.5447000e-001
  4.5447000e-001
  4.5533700e-001
  4.5533700e-001
  4.5533700e-001
  4.5533700e-001
  4.5559000e-001
  4.5559000e-001
  4.5584400e-001
  4.5584400e-001
  4.5584400e-001
  4.5584400e-001
  4.5584400e-001
  4.5584400e-001
  4.5681600e-001
  4.5681600e-001
  4.5707000e-001
  4.5707000e-001
  4.5707000e-001
  4.5707000e-001
  4.5707000e-001
  4.5707000e-001
  4.5707000e-001
  4.5707000e-001
  4.5707000e-001
  4.5707000e-001
  4.5768200e-001
  4.5768200e-001
  4.5793600e-001
  4.5793600e-001
  4.5793600e-001
  4.5793600e-001
  4.5952100e-001
  4.5952100e-001
  4.5952100e-001
  4.5952100e-001
  4.5952100e-001
  4.5952100e-001
  4.5952100e-001
  4.5952100e-001
  4.6038700e-001
  4.6038700e-001
  4.6298700e-001
  4.6298700e-001
  4.6298700e-001
  4.6298700e-001
  4.6298700e-001
  4.6298700e-001
  4.6298700e-001
  4.6298700e-001
  4.6298700e-001
  4.6298700e-001
  4.6309200e-001
  4.6309200e-001
  4.6370500e-001
  4.6370500e-001
  4.6507900e-001
  4.6507900e-001
  4.6655800e-001
  4.6655800e-001
  4.6655800e-001
  4.6655800e-001
  4.6691700e-001
  4.6691700e-001
  4.6788900e-001
  4.6788900e-001
  4.6803700e-001
  4.6803700e-001
  4.6803700e-001
  4.6803700e-001
  4.6803700e-001
  4.6803700e-001
  4.6803700e-001
  4.6803700e-001
  4.6803700e-001
  4.6803700e-001
  4.6803700e-001
  4.6803700e-001
  4.6926300e-001
  4.6926300e-001
  4.6926300e-001
  4.6926300e-001
  4.6926300e-001
  4.6926300e-001
  4.6926300e-001
  4.6926300e-001
  4.6926300e-001
  4.6926300e-001
  4.6926300e-001
  4.6926300e-001
  4.6926300e-001
  4.6926300e-001
  4.7012900e-001
  4.7012900e-001
  4.7012900e-001
  4.7012900e-001
  4.7012900e-001
  4.7012900e-001
  4.7074200e-001
  4.7074200e-001
  4.7135500e-001
  4.7135500e-001
  4.7135500e-001
  4.7135500e-001
  4.7160900e-001
  4.7160900e-001
  4.7196800e-001
  4.7196800e-001
  4.7222200e-001
  4.7222200e-001
  4.7222200e-001
  4.7222200e-001
  4.7283400e-001
  4.7283400e-001
  4.7283400e-001
  4.7283400e-001
  4.7431400e-001
  4.7431400e-001
  4.7431400e-001
  4.7431400e-001
  4.7467200e-001
  4.7467200e-001
  4.7467200e-001
  4.7467200e-001
  4.7579300e-001
  4.7579300e-001
  4.7640600e-001
  4.7640600e-001
  4.7640600e-001
  4.7640600e-001
  4.7640600e-001
  4.7640600e-001
  4.7640600e-001
  4.7640600e-001
  4.7640600e-001
  4.7640600e-001
  4.7640600e-001
  4.7640600e-001
  4.7665900e-001
  4.7665900e-001
  4.7701800e-001
  4.7701800e-001
  4.7701800e-001
  4.7701800e-001
  4.7701800e-001
  4.7701800e-001
  4.7727200e-001
  4.7727200e-001
  4.7727200e-001
  4.7727200e-001
  4.7972300e-001
  4.7972300e-001
  4.8084300e-001
  4.8084300e-001
  4.8145600e-001
  4.8145600e-001
  4.8145600e-001
  4.8145600e-001
  4.8181500e-001
  4.8181500e-001
  4.8232300e-001
  4.8232300e-001
  4.8232300e-001
  4.8232300e-001
  4.8354800e-001
  4.8354800e-001
  4.8354800e-001
  4.8354800e-001
  4.8477400e-001
  4.8477400e-001
  4.8502800e-001
  4.8502800e-001
  4.8650700e-001
  4.8650700e-001
  4.8650700e-001
  4.8650700e-001
  4.8712000e-001
  4.8712000e-001
  4.8859900e-001
  4.8859900e-001
  4.8946500e-001
  4.8946500e-001
  4.8946500e-001
  4.8946500e-001
  4.9018300e-001
  4.9018300e-001
  4.9069100e-001
  4.9069100e-001
  4.9155700e-001
  4.9155700e-001
  4.9155700e-001
  4.9155700e-001
  4.9155700e-001
  4.9155700e-001
  4.9155700e-001
  4.9155700e-001
  4.9217000e-001
  4.9217000e-001
  4.9217000e-001
  4.9217000e-001
  4.9217000e-001
  4.9217000e-001
  4.9242400e-001
  4.9242400e-001
  4.9242400e-001
  4.9242400e-001
  4.9242400e-001
  4.9242400e-001
  4.9242400e-001
  4.9242400e-001
  4.9242400e-001
  4.9242400e-001
  4.9242400e-001
  4.9242400e-001
  4.9451600e-001
  4.9451600e-001
  4.9451600e-001
  4.9451600e-001
  4.9451600e-001
  4.9451600e-001
  4.9487500e-001
  4.9487500e-001
  4.9487500e-001
  4.9487500e-001
  4.9523400e-001
  4.9523400e-001
  4.9660800e-001
  4.9660800e-001
  4.9660800e-001
  4.9660800e-001
  4.9696700e-001
  4.9696700e-001
  4.9696700e-001
  4.9696700e-001
  4.9722100e-001
  4.9722100e-001
  4.9747500e-001
  4.9747500e-001
  4.9956700e-001
  4.9956700e-001
  4.9956700e-001
  4.9956700e-001
  4.9956700e-001
  4.9956700e-001
  4.9956700e-001
  4.9956700e-001
  4.9956700e-001
  4.9956700e-001
  4.9956700e-001
  4.9956700e-001
  4.9956700e-001
  4.9956700e-001
  4.9956700e-001
  4.9956700e-001
  4.9992600e-001
  4.9992600e-001
  5.0227200e-001
  5.0227200e-001
  5.0288400e-001
  5.0288400e-001
  5.0385600e-001
  5.0385600e-001
  5.0461700e-001
  5.0461700e-001
  5.0584300e-001
  5.0584300e-001
  5.0584300e-001
  5.0584300e-001
  5.0732200e-001
  5.0732200e-001
  5.0732200e-001
  5.0732200e-001
  5.0854800e-001
  5.0854800e-001
  5.0916000e-001
  5.0916000e-001
  5.0966800e-001
  5.0966800e-001
  5.0966800e-001
  5.0966800e-001
  5.1028100e-001
  5.1028100e-001
  5.1150600e-001
  5.1150600e-001
  5.1176000e-001
  5.1176000e-001
  5.1211900e-001
  5.1211900e-001
  5.1359800e-001
  5.1359800e-001
  5.1507800e-001
  5.1507800e-001
  5.1507800e-001
  5.1507800e-001
  5.1594400e-001
  5.1594400e-001
  5.1594400e-001
  5.1594400e-001
  5.1594400e-001
  5.1594400e-001
  5.1681100e-001
  5.1681100e-001
  5.1681100e-001
  5.1681100e-001
  5.1681100e-001
  5.1681100e-001
  5.1681100e-001
  5.1681100e-001
  5.1681100e-001
  5.1681100e-001
  5.1717000e-001
  5.1717000e-001
  5.1717000e-001
  5.1717000e-001
  5.1742300e-001
  5.1742300e-001
  5.1742300e-001
  5.1742300e-001
  5.1742300e-001
  5.1742300e-001
  5.1742300e-001
  5.1742300e-001
  5.1926200e-001
  5.1926200e-001
  5.1926200e-001
  5.1926200e-001
  5.2186100e-001
  5.2186100e-001
  5.2186100e-001
  5.2186100e-001
  5.2186100e-001
  5.2186100e-001
  5.2186100e-001
  5.2186100e-001
  5.2283300e-001
  5.2283300e-001
  5.2308700e-001
  5.2308700e-001
  5.2431200e-001
  5.2431200e-001
  5.2543300e-001
  5.2543300e-001
  5.2640400e-001
  5.2640400e-001
  5.2691200e-001
  5.2691200e-001
  5.2691200e-001
  5.2691200e-001
  5.2691200e-001
  5.2691200e-001
  5.2727100e-001
  5.2727100e-001
  5.2727100e-001
  5.2727100e-001
  5.2727100e-001
  5.2727100e-001
  5.2752500e-001
  5.2752500e-001
  5.2752500e-001
  5.2752500e-001
  5.2752500e-001
  5.2752500e-001
  5.2752500e-001
  5.2752500e-001
  5.2752500e-001
  5.2752500e-001
  5.2752500e-001
  5.2752500e-001
  5.2900400e-001
  5.2900400e-001
  5.2900400e-001
  5.2900400e-001
  5.2900400e-001
  5.2900400e-001
  5.2997600e-001
  5.2997600e-001
  5.3048300e-001
  5.3048300e-001
  5.3268000e-001
  5.3268000e-001
  5.3293400e-001
  5.3293400e-001
  5.3354700e-001
  5.3354700e-001
  5.3354700e-001
  5.3354700e-001
  5.3354700e-001
  5.3354700e-001
  5.3354700e-001
  5.3354700e-001
  5.3528000e-001
  5.3528000e-001
  5.3528000e-001
  5.3528000e-001
  5.3528000e-001
  5.3528000e-001
  5.3528000e-001
  5.3528000e-001
  5.3528000e-001
  5.3528000e-001
  5.3528000e-001
  5.3528000e-001
  5.3528000e-001
  5.3528000e-001
  5.3528000e-001
  5.3528000e-001
  5.3528000e-001
  5.3528000e-001
  5.3528000e-001
  5.3528000e-001
  5.3528000e-001
  5.3528000e-001
  5.3528000e-001
  5.3528000e-001
  5.3528000e-001
  5.3528000e-001
  5.3528000e-001
  5.3528000e-001
  5.3553400e-001
  5.3553400e-001
  5.3563900e-001
  5.3563900e-001
  5.3563900e-001
  5.3563900e-001
  5.3614700e-001
  5.3614700e-001
  5.3614700e-001
  5.3614700e-001
  5.3614700e-001
  5.3614700e-001
  5.3614700e-001
  5.3614700e-001
  5.3614700e-001
  5.3614700e-001
  5.3614700e-001
  5.3614700e-001
  5.3859800e-001
  5.3859800e-001
  5.3910500e-001
  5.3910500e-001
  5.3910500e-001
  5.3910500e-001
  5.3946400e-001
  5.3946400e-001
  5.4033100e-001
  5.4033100e-001
  5.4033100e-001
  5.4033100e-001
  5.4033100e-001
  5.4033100e-001
  5.4069000e-001
  5.4069000e-001
  5.4069000e-001
  5.4069000e-001
  5.4119700e-001
  5.4119700e-001
  5.4119700e-001
  5.4119700e-001
  5.4119700e-001
  5.4119700e-001
  5.4242300e-001
  5.4242300e-001
  5.4242300e-001
  5.4242300e-001
  5.4476900e-001
  5.4476900e-001
  5.4538100e-001
  5.4538100e-001
  5.4538100e-001
  5.4538100e-001
  5.4772700e-001
  5.4772700e-001
  5.4772700e-001
  5.4772700e-001
  5.4772700e-001
  5.4772700e-001
  5.4772700e-001
  5.4772700e-001
  5.4772700e-001
  5.4772700e-001
  5.4772700e-001
  5.4772700e-001
  5.4808600e-001
  5.4808600e-001
  5.4834000e-001
  5.4834000e-001
  5.4834000e-001
  5.4834000e-001
  5.4956500e-001
  5.4956500e-001
  5.4956500e-001
  5.4956500e-001
  5.5017800e-001
  5.5017800e-001
  5.5043200e-001
  5.5043200e-001
  5.5043200e-001
  5.5043200e-001
  5.5043200e-001
  5.5043200e-001
  5.5043200e-001
  5.5043200e-001
  5.5043200e-001
  5.5043200e-001
  5.5043200e-001
  5.5043200e-001
  5.5043200e-001
  5.5043200e-001
  5.5043200e-001
  5.5043200e-001
  5.5043200e-001
  5.5043200e-001
  5.5043200e-001
  5.5043200e-001
  5.5043200e-001
  5.5043200e-001
  5.5043200e-001
  5.5043200e-001
  5.5043200e-001
  5.5043200e-001
  5.5339100e-001
  5.5339100e-001
  5.5339100e-001
  5.5339100e-001
  5.5400300e-001
  5.5400300e-001
  5.5461600e-001
  5.5461600e-001
  5.5461600e-001
  5.5461600e-001
  5.5487000e-001
  5.5487000e-001
  5.5487000e-001
  5.5487000e-001
  5.5487000e-001
  5.5487000e-001
  5.5487000e-001
  5.5487000e-001
  5.5487000e-001
  5.5487000e-001
  5.5497500e-001
  5.5497500e-001
  5.5548300e-001
  5.5548300e-001
  5.5548300e-001
  5.5548300e-001
  5.5548300e-001
  5.5548300e-001
  5.5548300e-001
  5.5548300e-001
  5.5584200e-001
  5.5584200e-001
  5.5634900e-001
  5.5634900e-001
  5.5696200e-001
  5.5696200e-001
  5.5732100e-001
  5.5732100e-001
  5.5757500e-001
  5.5757500e-001
  5.5757500e-001
  5.5757500e-001
  5.5844100e-001
  5.5844100e-001
  5.5844100e-001
  5.5844100e-001
  5.5844100e-001
  5.5844100e-001
  5.5844100e-001
  5.5844100e-001
  5.5854600e-001
  5.5854600e-001
  5.5854600e-001
  5.5854600e-001
  5.5905400e-001
  5.5905400e-001
  5.6027900e-001
  5.6027900e-001
  5.6027900e-001
  5.6027900e-001
  5.6053300e-001
  5.6053300e-001
  5.6053300e-001
  5.6053300e-001
  5.6053300e-001
  5.6053300e-001
  5.6053300e-001
  5.6053300e-001
  5.6114600e-001
  5.6114600e-001
  5.6201300e-001
  5.6201300e-001
  5.6237200e-001
  5.6237200e-001
  5.6262500e-001
  5.6262500e-001
  5.6349200e-001
  5.6349200e-001
  5.6410500e-001
  5.6410500e-001
  5.6421000e-001
  5.6421000e-001
  5.6558400e-001
  5.6558400e-001
  5.6558400e-001
  5.6558400e-001
  5.6558400e-001
  5.6558400e-001
  5.6558400e-001
  5.6558400e-001
  5.6558400e-001
  5.6558400e-001
  5.6558400e-001
  5.6558400e-001
  5.6558400e-001
  5.6558400e-001
  5.6558400e-001
  5.6558400e-001
  5.6558400e-001
  5.6558400e-001
  5.6558400e-001
  5.6558400e-001
  5.6558400e-001
  5.6558400e-001
  5.6558400e-001
  5.6558400e-001
  5.6558400e-001
  5.6558400e-001
  5.6558400e-001
  5.6558400e-001
  5.6558400e-001
  5.6558400e-001
  5.6558400e-001
  5.6558400e-001
  5.6558400e-001
  5.6558400e-001
  5.6706300e-001
  5.6706300e-001
  5.6716800e-001
  5.6716800e-001
  5.6854200e-001
  5.6854200e-001
  5.6915500e-001
  5.6915500e-001
  5.6915500e-001
  5.6915500e-001
  5.7124700e-001
  5.7124700e-001
  5.7186000e-001
  5.7186000e-001
  5.7186000e-001
  5.7186000e-001
  5.7221900e-001
  5.7221900e-001
  5.7247300e-001
  5.7247300e-001
  5.7395200e-001
  5.7395200e-001
  5.7395200e-001
  5.7395200e-001
  5.7481900e-001
  5.7481900e-001
  5.7568500e-001
  5.7568500e-001
  5.7568500e-001
  5.7568500e-001
  5.7568500e-001
  5.7568500e-001
  5.7568500e-001
  5.7568500e-001
  5.7568500e-001
  5.7568500e-001
  5.7568500e-001
  5.7568500e-001
  5.7640300e-001
  5.7640300e-001
  5.7752300e-001
  5.7752300e-001
  5.7777700e-001
  5.7777700e-001
  5.7777700e-001
  5.7777700e-001
  5.7777700e-001
  5.7777700e-001
  5.7936200e-001
  5.7936200e-001
  5.7986900e-001
  5.7986900e-001
  5.7986900e-001
  5.7986900e-001
  5.7986900e-001
  5.7986900e-001
  5.7986900e-001
  5.7986900e-001
  5.8073600e-001
  5.8073600e-001
  5.8073600e-001
  5.8073600e-001
  5.8073600e-001
  5.8073600e-001
  5.8073600e-001
  5.8073600e-001
  5.8073600e-001
  5.8073600e-001
  5.8073600e-001
  5.8073600e-001
  5.8073600e-001
  5.8073600e-001
  5.8073600e-001
  5.8073600e-001
  5.8073600e-001
  5.8073600e-001
  5.8145400e-001
  5.8145400e-001
  5.8196100e-001
  5.8196100e-001
  5.8232000e-001
  5.8232000e-001
  5.8282800e-001
  5.8282800e-001
  5.8282800e-001
  5.8282800e-001
  5.8282800e-001
  5.8282800e-001
  5.8344100e-001
  5.8344100e-001
  5.8380000e-001
  5.8380000e-001
  5.8405300e-001
  5.8405300e-001
  5.8405300e-001
  5.8405300e-001
  5.8492000e-001
  5.8492000e-001
  5.8492000e-001
  5.8492000e-001
  5.8492000e-001
  5.8492000e-001
  5.8650400e-001
  5.8650400e-001
  5.8701200e-001
  5.8701200e-001
  5.8997100e-001
  5.8997100e-001
  5.8997100e-001
  5.8997100e-001
  5.9058300e-001
  5.9058300e-001
  5.9119600e-001
  5.9119600e-001
  5.9155500e-001
  5.9155500e-001
  5.9155500e-001
  5.9155500e-001
  5.9155500e-001
  5.9155500e-001
  5.9292900e-001
  5.9292900e-001
  5.9292900e-001
  5.9292900e-001
  5.9502100e-001
  5.9502100e-001
  5.9502100e-001
  5.9502100e-001
  5.9711300e-001
  5.9711300e-001
  5.9747200e-001
  5.9747200e-001
  5.9833900e-001
  5.9833900e-001
  5.9920500e-001
  5.9920500e-001
  5.9920500e-001
  5.9920500e-001
  5.9931000e-001
  5.9931000e-001
  5.9956400e-001
  5.9956400e-001
  5.9956400e-001
  5.9956400e-001
  6.0007200e-001
  6.0007200e-001
  6.0007200e-001
  6.0007200e-001
  6.0043100e-001
  6.0043100e-001
  6.0129700e-001
  6.0129700e-001
  6.0129700e-001
  6.0129700e-001
  6.0129700e-001
  6.0129700e-001
  6.0129700e-001
  6.0129700e-001
  6.0129700e-001
  6.0129700e-001
  6.0129700e-001
  6.0129700e-001
  6.0129700e-001
  6.0129700e-001
  6.0129700e-001
  6.0129700e-001
  6.0277700e-001
  6.0277700e-001
  6.0364300e-001
  6.0364300e-001
  6.0400200e-001
  6.0400200e-001
  6.0512200e-001
  6.0512200e-001
  6.0512200e-001
  6.0512200e-001
  6.0573500e-001
  6.0573500e-001
  6.0634800e-001
  6.0634800e-001
  6.0721400e-001
  6.0721400e-001
  6.0757300e-001
  6.0757300e-001
  6.0782700e-001
  6.0782700e-001
  6.0991900e-001
  6.0991900e-001
  6.1226500e-001
  6.1226500e-001
  6.1226500e-001
  6.1226500e-001
  6.1262400e-001
  6.1262400e-001
  6.1410300e-001
  6.1410300e-001
  6.1435700e-001
  6.1435700e-001
  6.1497000e-001
  6.1497000e-001
  6.1594200e-001
  6.1594200e-001
  6.1644900e-001
  6.1644900e-001
  6.1644900e-001
  6.1644900e-001
  6.1680800e-001
  6.1680800e-001
  6.1680800e-001
  6.1680800e-001
  6.1792800e-001
  6.1792800e-001
  6.1940800e-001
  6.1940800e-001
  6.1940800e-001
  6.1940800e-001
  6.2088700e-001
  6.2088700e-001
  6.2088700e-001
  6.2088700e-001
  6.2088700e-001
  6.2088700e-001
  6.2099200e-001
  6.2099200e-001
  6.2150000e-001
  6.2150000e-001
  6.2150000e-001
  6.2150000e-001
  6.2185900e-001
  6.2185900e-001
  6.2272500e-001
  6.2272500e-001
  6.2272500e-001
  6.2272500e-001
  6.2272500e-001
  6.2272500e-001
  6.2272500e-001
  6.2272500e-001
  6.2272500e-001
  6.2272500e-001
  6.2272500e-001
  6.2272500e-001
  6.2272500e-001
  6.2272500e-001
  6.2272500e-001
  6.2272500e-001
  6.2272500e-001
  6.2272500e-001
  6.2359200e-001
  6.2359200e-001
  6.2359200e-001
  6.2359200e-001
  6.2359200e-001
  6.2359200e-001
  6.2359200e-001
  6.2359200e-001
  6.2445800e-001
  6.2445800e-001
  6.2445800e-001
  6.2445800e-001
  6.2629700e-001
  6.2629700e-001
  6.2655000e-001
  6.2655000e-001
  6.2690900e-001
  6.2690900e-001
  6.2777600e-001
  6.2777600e-001
  6.2803000e-001
  6.2803000e-001
  6.2803000e-001
  6.2803000e-001
  6.2803000e-001
  6.2803000e-001
  6.2925500e-001
  6.2925500e-001
  6.2950900e-001
  6.2950900e-001
  6.2950900e-001
  6.2950900e-001
  6.2950900e-001
  6.2950900e-001
  6.2986800e-001
  6.2986800e-001
  6.3098800e-001
  6.3098800e-001
  6.3098800e-001
  6.3098800e-001
  6.3257300e-001
  6.3257300e-001
  6.3282700e-001
  6.3282700e-001
  6.3343900e-001
  6.3343900e-001
  6.3517200e-001
  6.3517200e-001
  6.3517200e-001
  6.3517200e-001
  6.3517200e-001
  6.3517200e-001
  6.3517200e-001
  6.3517200e-001
  6.3517200e-001
  6.3517200e-001
  6.3553100e-001
  6.3553100e-001
  6.3614400e-001
  6.3614400e-001
  6.3665200e-001
  6.3665200e-001
  6.3813100e-001
  6.3813100e-001
  6.3813100e-001
  6.3813100e-001
  6.3823600e-001
  6.3823600e-001
  6.3874400e-001
  6.3874400e-001
  6.3874400e-001
  6.3874400e-001
  6.3874400e-001
  6.3874400e-001
  6.3874400e-001
  6.3874400e-001
  6.3874400e-001
  6.3874400e-001
  6.3874400e-001
  6.3874400e-001
  6.3935600e-001
  6.3935600e-001
  6.3961000e-001
  6.3961000e-001
  6.3961000e-001
  6.3961000e-001
  6.3961000e-001
  6.3961000e-001
  6.3961000e-001
  6.3961000e-001
  6.3961000e-001
  6.3961000e-001
  6.3961000e-001
  6.3961000e-001
  6.3971500e-001
  6.3971500e-001
  6.4144900e-001
  6.4144900e-001
  6.4206100e-001
  6.4206100e-001
  6.4206100e-001
  6.4206100e-001
  6.4318200e-001
  6.4318200e-001
  6.4318200e-001
  6.4318200e-001
  6.4502000e-001
  6.4502000e-001
  6.4527400e-001
  6.4527400e-001
  6.4563300e-001
  6.4563300e-001
  6.4747100e-001
  6.4747100e-001
  6.4772500e-001
  6.4772500e-001
  6.4884500e-001
  6.4884500e-001
  6.4920400e-001
  6.4920400e-001
  6.4945800e-001
  6.4945800e-001
  6.5042900e-001
  6.5042900e-001
  6.5093700e-001
  6.5093700e-001
  6.5216300e-001
  6.5216300e-001
  6.5216300e-001
  6.5216300e-001
  6.5216300e-001
  6.5216300e-001
  6.5216300e-001
  6.5216300e-001
  6.5216300e-001
  6.5216300e-001
  6.5216300e-001
  6.5216300e-001
  6.5216300e-001
  6.5216300e-001
  6.5302900e-001
  6.5302900e-001
  6.5302900e-001
  6.5302900e-001
  6.5302900e-001
  6.5302900e-001
  6.5302900e-001
  6.5302900e-001
  6.5302900e-001
  6.5302900e-001
  6.5302900e-001
  6.5302900e-001
  6.5389600e-001
  6.5389600e-001
  6.5389600e-001
  6.5389600e-001
  6.5389600e-001
  6.5389600e-001
  6.5389600e-001
  6.5389600e-001
  6.5389600e-001
  6.5389600e-001
  6.5573400e-001
  6.5573400e-001
  6.5598800e-001
  6.5598800e-001
  6.5598800e-001
  6.5598800e-001
  6.5685400e-001
  6.5685400e-001
  6.5685400e-001
  6.5685400e-001
  6.5685400e-001
  6.5685400e-001
  6.5685400e-001
  6.5685400e-001
  6.5685400e-001
  6.5685400e-001
  6.5757200e-001
  6.5757200e-001
  6.5782600e-001
  6.5782600e-001
  6.5808000e-001
  6.5808000e-001
  6.5808000e-001
  6.5808000e-001
  6.5955900e-001
  6.5955900e-001
  6.6017200e-001
  6.6017200e-001
  6.6078500e-001
  6.6078500e-001
  6.6226400e-001
  6.6226400e-001
  6.6226400e-001
  6.6226400e-001
  6.6251800e-001
  6.6251800e-001
  6.6313000e-001
  6.6313000e-001
  6.6313000e-001
  6.6313000e-001
  6.6313000e-001
  6.6313000e-001
  6.6313000e-001
  6.6313000e-001
  6.6313000e-001
  6.6313000e-001
  6.6399700e-001
  6.6399700e-001
  6.6399700e-001
  6.6399700e-001
  6.6399700e-001
  6.6399700e-001
  6.6522200e-001
  6.6522200e-001
  6.6558100e-001
  6.6558100e-001
  6.6558100e-001
  6.6558100e-001
  6.6608900e-001
  6.6608900e-001
  6.6756800e-001
  6.6756800e-001
  6.6767300e-001
  6.6767300e-001
  6.6854000e-001
  6.6854000e-001
  6.6879400e-001
  6.6879400e-001
  6.6904800e-001
  6.6904800e-001
  6.6904800e-001
  6.6904800e-001
  6.6904800e-001
  6.6904800e-001
  6.6904800e-001
  6.6904800e-001
  6.6904800e-001
  6.6904800e-001
  6.6904800e-001
  6.6904800e-001
  6.6904800e-001
  6.6904800e-001
  6.6904800e-001
  6.6904800e-001
  6.6904800e-001
  6.6904800e-001
  6.6904800e-001
  6.6904800e-001
  6.6904800e-001
  6.6904800e-001
  6.6915300e-001
  6.6915300e-001
  6.6966000e-001
  6.6966000e-001
  6.7063200e-001
  6.7063200e-001
  6.7149900e-001
  6.7149900e-001
  6.7236500e-001
  6.7236500e-001
  6.7236500e-001
  6.7236500e-001
  6.7261900e-001
  6.7261900e-001
  6.7323200e-001
  6.7323200e-001
  6.7445700e-001
  6.7445700e-001
  6.7445700e-001
  6.7445700e-001
  6.7471100e-001
  6.7471100e-001
  6.7507000e-001
  6.7507000e-001
  6.7532400e-001
  6.7532400e-001
  6.7532400e-001
  6.7532400e-001
  6.7542900e-001
  6.7542900e-001
  6.7802800e-001
  6.7802800e-001
  6.7889500e-001
  6.7889500e-001
  6.7889500e-001
  6.7889500e-001
  6.8047900e-001
  6.8047900e-001
  6.8124100e-001
  6.8124100e-001
  6.8160000e-001
  6.8160000e-001
  6.8160000e-001
  6.8160000e-001
  6.8160000e-001
  6.8160000e-001
  6.8160000e-001
  6.8160000e-001
  6.8333300e-001
  6.8333300e-001
  6.8333300e-001
  6.8333300e-001
  6.8333300e-001
  6.8333300e-001
  6.8333300e-001
  6.8333300e-001
  6.8333300e-001
  6.8333300e-001
  6.8333300e-001
  6.8333300e-001
  6.8333300e-001
  6.8333300e-001
  6.8369200e-001
  6.8369200e-001
  6.8481200e-001
  6.8481200e-001
  6.8481200e-001
  6.8481200e-001
  6.8517100e-001
  6.8517100e-001
  6.8517100e-001
  6.8517100e-001
  6.8517100e-001
  6.8517100e-001
  6.8614300e-001
  6.8614300e-001
  6.8665000e-001
  6.8665000e-001
  6.8690400e-001
  6.8690400e-001
  6.8996800e-001
  6.8996800e-001
  6.8996800e-001
  6.8996800e-001
  6.9256800e-001
  6.9256800e-001
  6.9256800e-001
  6.9256800e-001
  6.9256800e-001
  6.9256800e-001
  6.9256800e-001
  6.9256800e-001
  6.9256800e-001
  6.9256800e-001
  6.9256800e-001
  6.9256800e-001
  6.9256800e-001
  6.9256800e-001
  6.9343400e-001
  6.9343400e-001
  6.9343400e-001
  6.9343400e-001
  6.9343400e-001
  6.9343400e-001
  6.9466000e-001
  6.9466000e-001
  6.9466000e-001
  6.9466000e-001
  6.9466000e-001
  6.9466000e-001
  6.9613900e-001
  6.9613900e-001
  6.9675200e-001
  6.9675200e-001
  6.9736400e-001
  6.9736400e-001
  6.9848500e-001
  6.9848500e-001
  6.9848500e-001
  6.9848500e-001
  6.9848500e-001
  6.9848500e-001
  6.9848500e-001
  6.9848500e-001
  6.9971000e-001
  6.9971000e-001
  6.9971000e-001
  6.9971000e-001
  6.9971000e-001
  6.9971000e-001
  7.0032300e-001
  7.0032300e-001
  7.0032300e-001
  7.0032300e-001
  7.0057700e-001
  7.0057700e-001
  7.0205600e-001
  7.0205600e-001
  7.0205600e-001
  7.0205600e-001
  7.0205600e-001
  7.0205600e-001
  7.0266900e-001
  7.0266900e-001
  7.0266900e-001
  7.0266900e-001
  7.0302800e-001
  7.0302800e-001
  7.0486600e-001
  7.0486600e-001
  7.0512000e-001
  7.0512000e-001
  7.0598600e-001
  7.0598600e-001
  7.0598600e-001
  7.0598600e-001
  7.0710700e-001
  7.0710700e-001
  7.0807800e-001
  7.0807800e-001
  7.0843700e-001
  7.0843700e-001
  7.0869100e-001
  7.0869100e-001
  7.0919900e-001
  7.0919900e-001
  7.0919900e-001
  7.0919900e-001
  7.0919900e-001
  7.0919900e-001
  7.0930400e-001
  7.0930400e-001
  7.1017100e-001
  7.1017100e-001
  7.1017100e-001
  7.1017100e-001
  7.1017100e-001
  7.1017100e-001
  7.1017100e-001
  7.1017100e-001
  7.1042400e-001
  7.1042400e-001
  7.1165000e-001
  7.1165000e-001
  7.1190400e-001
  7.1190400e-001
  7.1277000e-001
  7.1277000e-001
  7.1277000e-001
  7.1277000e-001
  7.1277000e-001
  7.1277000e-001
  7.1277000e-001
  7.1277000e-001
  7.1277000e-001
  7.1277000e-001
  7.1277000e-001
  7.1277000e-001
  7.1277000e-001
  7.1277000e-001
  7.1277000e-001
  7.1277000e-001
  7.1277000e-001
  7.1277000e-001
  7.1277000e-001
  7.1277000e-001
  7.1277000e-001
  7.1277000e-001
  7.1277000e-001
  7.1277000e-001
  7.1277000e-001
  7.1277000e-001
  7.1277000e-001
  7.1277000e-001
  7.1277000e-001
  7.1277000e-001
  7.1277000e-001
  7.1277000e-001
  7.1312900e-001
  7.1312900e-001
  7.1424900e-001
  7.1424900e-001
  7.1547500e-001
  7.1547500e-001
  7.1547500e-001
  7.1547500e-001
  7.1634100e-001
  7.1634100e-001
  7.1731300e-001
  7.1731300e-001
  7.1930000e-001
  7.1930000e-001
  7.2287100e-001
  7.2287100e-001
  7.2287100e-001
  7.2287100e-001
  7.2287100e-001
  7.2287100e-001
  7.2287100e-001
  7.2287100e-001
  7.2348400e-001
  7.2348400e-001
  7.2348400e-001
  7.2348400e-001
  7.2348400e-001
  7.2348400e-001
  7.2358900e-001
  7.2358900e-001
  7.2557600e-001
  7.2557600e-001
  7.2557600e-001
  7.2557600e-001
  7.2593500e-001
  7.2593500e-001
  7.2593500e-001
  7.2593500e-001
  7.2654800e-001
  7.2654800e-001
  7.2680200e-001
  7.2680200e-001
  7.2705600e-001
  7.2705600e-001
  7.2705600e-001
  7.2705600e-001
  7.2766800e-001
  7.2766800e-001
  7.2792200e-001
  7.2792200e-001
  7.2792200e-001
  7.2792200e-001
  7.2792200e-001
  7.2792200e-001
  7.2828100e-001
  7.2828100e-001
  7.2828100e-001
  7.2828100e-001
  7.2828100e-001
  7.2828100e-001
  7.2828100e-001
  7.2828100e-001
  7.2914800e-001
  7.2914800e-001
  7.2950600e-001
  7.2950600e-001
  7.3037300e-001
  7.3037300e-001
  7.3062700e-001
  7.3062700e-001
  7.3149300e-001
  7.3149300e-001
  7.3149300e-001
  7.3149300e-001
  7.3358500e-001
  7.3358500e-001
  7.3715700e-001
  7.3715700e-001
  7.3715700e-001
  7.3715700e-001
  7.3715700e-001
  7.3715700e-001
  7.3787500e-001
  7.3787500e-001
  7.3838200e-001
  7.3838200e-001
  7.3838200e-001
  7.3838200e-001
  7.3838200e-001
  7.3838200e-001
  7.4047400e-001
  7.4047400e-001
  7.4047400e-001
  7.4047400e-001
  7.4072800e-001
  7.4072800e-001
  7.4256600e-001
  7.4256600e-001
  7.4368700e-001
  7.4368700e-001
  7.4368700e-001
  7.4368700e-001
  7.4368700e-001
  7.4368700e-001
  7.4429900e-001
  7.4429900e-001
  7.4675000e-001
  7.4675000e-001
  7.4761700e-001
  7.4761700e-001
  7.4761700e-001
  7.4761700e-001
  7.4848400e-001
  7.4848400e-001
  7.4848400e-001
  7.4848400e-001
  7.4848400e-001
  7.4848400e-001
  7.4848400e-001
  7.4848400e-001
  7.4848400e-001
  7.4848400e-001
  7.4848400e-001
  7.4848400e-001
  7.4848400e-001
  7.4848400e-001
  7.4848400e-001
  7.4848400e-001
  7.4848400e-001
  7.4848400e-001
  7.4848400e-001
  7.4848400e-001
  7.4848400e-001
  7.4848400e-001
  7.4848400e-001
  7.4848400e-001
  7.4848400e-001
  7.4848400e-001
  7.4848400e-001
  7.4848400e-001
  7.4848400e-001
  7.4848400e-001
  7.4873700e-001
  7.4873700e-001
  7.4873700e-001
  7.4873700e-001
  7.4884200e-001
  7.4884200e-001
  7.4935000e-001
  7.4935000e-001
  7.4935000e-001
  7.4935000e-001
  7.5057600e-001
  7.5057600e-001
  7.5144200e-001
  7.5144200e-001
  7.5205500e-001
  7.5205500e-001
  7.5292100e-001
  7.5292100e-001
  7.5292100e-001
  7.5292100e-001
  7.5302700e-001
  7.5302700e-001
  7.5302700e-001
  7.5302700e-001
  7.5353400e-001
  7.5353400e-001
  7.5353400e-001
  7.5353400e-001
  7.5353400e-001
  7.5353400e-001
  7.5389300e-001
  7.5389300e-001
  7.5440100e-001
  7.5440100e-001
  7.5440100e-001
  7.5440100e-001
  7.5537200e-001
  7.5537200e-001
  7.5562600e-001
  7.5562600e-001
  7.5562600e-001
  7.5562600e-001
  7.5588000e-001
  7.5588000e-001
  7.5649300e-001
  7.5649300e-001
  7.5746400e-001
  7.5746400e-001
  7.5919800e-001
  7.5919800e-001
  7.5945100e-001
  7.5945100e-001
  7.5945100e-001
  7.5945100e-001
  7.5981000e-001
  7.5981000e-001
  7.6302300e-001
  7.6302300e-001
  7.6399400e-001
  7.6399400e-001
  7.6450200e-001
  7.6450200e-001
  7.6450200e-001
  7.6450200e-001
  7.6460700e-001
  7.6460700e-001
  7.6486100e-001
  7.6486100e-001
  7.6547400e-001
  7.6547400e-001
  7.6572700e-001
  7.6572700e-001
  7.6572700e-001
  7.6572700e-001
  7.6669900e-001
  7.6669900e-001
  7.6817800e-001
  7.6817800e-001
  7.6817800e-001
  7.6817800e-001
  7.6817800e-001
  7.6817800e-001
  7.6817800e-001
  7.6817800e-001
  7.6817800e-001
  7.6817800e-001
  7.6843200e-001
  7.6843200e-001
  7.6868600e-001
  7.6868600e-001
  7.6868600e-001
  7.6868600e-001
  7.6868600e-001
  7.6868600e-001
  7.6868600e-001
  7.6868600e-001
  7.6929900e-001
  7.6929900e-001
  7.7016500e-001
  7.7016500e-001
  7.7027000e-001
  7.7027000e-001
  7.7077800e-001
  7.7077800e-001
  7.7077800e-001
  7.7077800e-001
  7.7077800e-001
  7.7077800e-001
  7.7077800e-001
  7.7077800e-001
  7.7164500e-001
  7.7164500e-001
  7.7164500e-001
  7.7164500e-001
  7.7164500e-001
  7.7164500e-001
  7.7164500e-001
  7.7164500e-001
  7.7261600e-001
  7.7261600e-001
  7.7287000e-001
  7.7287000e-001
  7.7287000e-001
  7.7287000e-001
  7.7287000e-001
  7.7287000e-001
  7.7287000e-001
  7.7287000e-001
  7.7287000e-001
  7.7287000e-001
  7.7312400e-001
  7.7312400e-001
  7.7348300e-001
  7.7348300e-001
  7.7373700e-001
  7.7373700e-001
  7.7373700e-001
  7.7373700e-001
  7.7373700e-001
  7.7373700e-001
  7.7521600e-001
  7.7521600e-001
  7.7817500e-001
  7.7817500e-001
  7.7828000e-001
  7.7828000e-001
  7.7828000e-001
  7.7828000e-001
  7.7878700e-001
  7.7878700e-001
  7.7878700e-001
  7.7878700e-001
  7.8001300e-001
  7.8001300e-001
  7.8174600e-001
  7.8174600e-001
  7.8174600e-001
  7.8174600e-001
  7.8174600e-001
  7.8174600e-001
  7.8174600e-001
  7.8174600e-001
  7.8235900e-001
  7.8235900e-001
  7.8307700e-001
  7.8307700e-001
  7.8333000e-001
  7.8333000e-001
  7.8383800e-001
  7.8383800e-001
  7.8383800e-001
  7.8383800e-001
  7.8383800e-001
  7.8383800e-001
  7.8383800e-001
  7.8383800e-001
  7.8383800e-001
  7.8383800e-001
  7.8383800e-001
  7.8383800e-001
  7.8383800e-001
  7.8383800e-001
  7.8383800e-001
  7.8383800e-001
  7.8383800e-001
  7.8383800e-001
  7.8383800e-001
  7.8383800e-001
  7.8531700e-001
  7.8531700e-001
  7.8690200e-001
  7.8690200e-001
  7.8802200e-001
  7.8802200e-001
  7.8838100e-001
  7.8838100e-001
  7.8838100e-001
  7.8838100e-001
  7.8838100e-001
  7.8838100e-001
  7.9011400e-001
  7.9011400e-001
  7.9036800e-001
  7.9036800e-001
  7.9036800e-001
  7.9036800e-001
  7.9098100e-001
  7.9098100e-001
  7.9098100e-001
  7.9098100e-001
  7.9098100e-001
  7.9098100e-001
  7.9098100e-001
  7.9098100e-001
  7.9098100e-001
  7.9098100e-001
  7.9098100e-001
  7.9098100e-001
  7.9098100e-001
  7.9098100e-001
  7.9098100e-001
  7.9098100e-001
  7.9098100e-001
  7.9098100e-001
  7.9098100e-001
  7.9098100e-001
  7.9134000e-001
  7.9134000e-001
  7.9159300e-001
  7.9159300e-001
  7.9159300e-001
  7.9159300e-001
  7.9246000e-001
  7.9246000e-001
  7.9368500e-001
  7.9368500e-001
  7.9393900e-001
  7.9393900e-001
  7.9393900e-001
  7.9393900e-001
  7.9393900e-001
  7.9393900e-001
  7.9393900e-001
  7.9393900e-001
  7.9393900e-001
  7.9393900e-001
  7.9393900e-001
  7.9393900e-001
  7.9393900e-001
  7.9393900e-001
  7.9393900e-001
  7.9393900e-001
  7.9393900e-001
  7.9393900e-001
  7.9393900e-001
  7.9393900e-001
  7.9393900e-001
  7.9393900e-001
  7.9393900e-001
  7.9393900e-001
  7.9393900e-001
  7.9393900e-001
  7.9429800e-001
  7.9429800e-001
  7.9429800e-001
  7.9429800e-001
  7.9577700e-001
  7.9577700e-001
  7.9664400e-001
  7.9664400e-001
  7.9664400e-001
  7.9664400e-001
  7.9761600e-001
  7.9761600e-001
  7.9848200e-001
  7.9848200e-001
  7.9848200e-001
  7.9848200e-001
  7.9848200e-001
  7.9848200e-001
  7.9873600e-001
  7.9873600e-001
  7.9899000e-001
  7.9899000e-001
  7.9899000e-001
  7.9899000e-001
  7.9899000e-001
  7.9899000e-001
  7.9899000e-001
  7.9899000e-001
  7.9899000e-001
  7.9899000e-001
  7.9899000e-001
  7.9899000e-001
  7.9899000e-001
  7.9899000e-001
  7.9899000e-001
  7.9899000e-001
  7.9899000e-001
  7.9899000e-001
  7.9934900e-001
  7.9934900e-001
  8.0021500e-001
  8.0021500e-001
  8.0021500e-001
  8.0021500e-001
  8.0021500e-001
  8.0021500e-001
  8.0108200e-001
  8.0108200e-001
  8.0108200e-001
  8.0108200e-001
  8.0108200e-001
  8.0108200e-001
  8.0108200e-001
  8.0108200e-001
  8.0108200e-001
  8.0108200e-001
  8.0108200e-001
  8.0108200e-001
  8.0108200e-001
  8.0108200e-001
  8.0169500e-001
  8.0169500e-001
  8.0169500e-001
  8.0169500e-001
  8.0205400e-001
  8.0205400e-001
  8.0378700e-001
  8.0378700e-001
  8.0439900e-001
  8.0439900e-001
  8.0465300e-001
  8.0465300e-001
  8.0465300e-001
  8.0465300e-001
  8.0465300e-001
  8.0465300e-001
  8.0526600e-001
  8.0526600e-001
  8.0526600e-001
  8.0526600e-001
  8.0562500e-001
  8.0562500e-001
  8.0613300e-001
  8.0613300e-001
  8.0613300e-001
  8.0613300e-001
  8.0613300e-001
  8.0613300e-001
  8.0710400e-001
  8.0710400e-001
  8.0833000e-001
  8.0833000e-001
  8.0883700e-001
  8.0883700e-001
  8.0945000e-001
  8.0945000e-001
  8.0945000e-001
  8.0945000e-001
  8.0945000e-001
  8.0945000e-001
  8.0945000e-001
  8.0945000e-001
  8.1006300e-001
  8.1006300e-001
  8.1031700e-001
  8.1031700e-001
  8.1031700e-001
  8.1031700e-001
  8.1031700e-001
  8.1031700e-001
  8.1179600e-001
  8.1179600e-001
  8.1450100e-001
  8.1450100e-001
  8.1450100e-001
  8.1450100e-001
  8.1450100e-001
  8.1450100e-001
  8.1450100e-001
  8.1450100e-001
  8.1868500e-001
  8.1868500e-001
  8.2164300e-001
  8.2164300e-001
  8.2348200e-001
  8.2348200e-001
  8.2373500e-001
  8.2373500e-001
  8.2434800e-001
  8.2434800e-001
  8.2546900e-001
  8.2546900e-001
  8.2546900e-001
  8.2546900e-001
  8.2546900e-001
  8.2546900e-001
  8.2582700e-001
  8.2582700e-001
  8.2694800e-001
  8.2694800e-001
  8.2694800e-001
  8.2694800e-001
  8.2694800e-001
  8.2694800e-001
  8.2705300e-001
  8.2705300e-001
  8.2705300e-001
  8.2705300e-001
  8.2756100e-001
  8.2756100e-001
  8.2878600e-001
  8.2878600e-001
  8.2965300e-001
  8.2965300e-001
  8.2965300e-001
  8.2965300e-001
  8.2965300e-001
  8.2965300e-001
  8.2965300e-001
  8.2965300e-001
  8.2965300e-001
  8.2965300e-001
  8.2965300e-001
  8.2965300e-001
  8.3001200e-001
  8.3001200e-001
  8.3051900e-001
  8.3051900e-001
  8.3051900e-001
  8.3051900e-001
  8.3051900e-001
  8.3051900e-001
  8.3051900e-001
  8.3051900e-001
  8.3051900e-001
  8.3051900e-001
  8.3051900e-001
  8.3051900e-001
  8.3149100e-001
  8.3149100e-001
  8.3261100e-001
  8.3261100e-001
  8.3297000e-001
  8.3297000e-001
  8.3383700e-001
  8.3383700e-001
  8.3383700e-001
  8.3383700e-001
  8.3383700e-001
  8.3383700e-001
  8.3383700e-001
  8.3383700e-001
  8.3383700e-001
  8.3383700e-001
  8.3383700e-001
  8.3383700e-001
  8.3419600e-001
  8.3419600e-001
  8.3557000e-001
  8.3557000e-001
  8.3679500e-001
  8.3679500e-001
  8.3679500e-001
  8.3679500e-001
  8.3679500e-001
  8.3679500e-001
  8.3766200e-001
  8.3766200e-001
  8.3766200e-001
  8.3766200e-001
  8.3766200e-001
  8.3766200e-001
  8.3766200e-001
  8.3766200e-001
  8.3802100e-001
  8.3802100e-001
  8.3888700e-001
  8.3888700e-001
  8.3888700e-001
  8.3888700e-001
  8.3975400e-001
  8.3975400e-001
  8.4047200e-001
  8.4047200e-001
  8.4123300e-001
  8.4123300e-001
  8.4133800e-001
  8.4133800e-001
  8.4220500e-001
  8.4220500e-001
  8.4332500e-001
  8.4332500e-001
  8.4393800e-001
  8.4393800e-001
  8.4393800e-001
  8.4393800e-001
  8.4393800e-001
  8.4393800e-001
  8.4393800e-001
  8.4393800e-001
  8.4393800e-001
  8.4393800e-001
  8.4480500e-001
  8.4480500e-001
  8.4750900e-001
  8.4750900e-001
  8.4750900e-001
  8.4750900e-001
  8.4812200e-001
  8.4812200e-001
  8.4898900e-001
  8.4898900e-001
  8.4898900e-001
  8.4898900e-001
  8.4898900e-001
  8.4898900e-001
  8.4985500e-001
  8.4985500e-001
  8.4985500e-001
  8.4985500e-001
  8.4985500e-001
  8.4985500e-001
  8.4985500e-001
  8.4985500e-001
  8.4985500e-001
  8.4985500e-001
  8.4985500e-001
  8.4985500e-001
  8.4985500e-001
  8.4985500e-001
  8.4985500e-001
  8.4985500e-001
  8.5021400e-001
  8.5021400e-001
  8.5169300e-001
  8.5169300e-001
  8.5194700e-001
  8.5194700e-001
  8.5281400e-001
  8.5281400e-001
  8.5281400e-001
  8.5281400e-001
  8.5281400e-001
  8.5281400e-001
  8.5403900e-001
  8.5403900e-001
  8.5403900e-001
  8.5403900e-001
  8.5490600e-001
  8.5490600e-001
  8.5490600e-001
  8.5490600e-001
  8.5526500e-001
  8.5526500e-001
  8.5551900e-001
  8.5551900e-001
  8.5735700e-001
  8.5735700e-001
  8.5822300e-001
  8.5822300e-001
  8.5822300e-001
  8.5822300e-001
  8.5822300e-001
  8.5822300e-001
  8.5822300e-001
  8.5822300e-001
  8.5883600e-001
  8.5883600e-001
  8.5995600e-001
  8.5995600e-001
  8.5995600e-001
  8.5995600e-001
  8.5995600e-001
  8.5995600e-001
  8.5995600e-001
  8.5995600e-001
  8.5995600e-001
  8.5995600e-001
  8.5995600e-001
  8.5995600e-001
  8.5995600e-001
  8.5995600e-001
  8.5995600e-001
  8.5995600e-001
  8.5995600e-001
  8.5995600e-001
  8.5995600e-001
  8.5995600e-001
  8.5995600e-001
  8.5995600e-001
  8.6118200e-001
  8.6118200e-001
  8.6118200e-001
  8.6118200e-001
  8.6179500e-001
  8.6179500e-001
  8.6352800e-001
  8.6352800e-001
  8.6414000e-001
  8.6414000e-001
  8.6414000e-001
  8.6414000e-001
  8.6745800e-001
  8.6745800e-001
  8.6745800e-001
  8.6745800e-001
  8.6745800e-001
  8.6745800e-001
  8.6857800e-001
  8.6857800e-001
  8.6893700e-001
  8.6893700e-001
  8.6980400e-001
  8.6980400e-001
  8.7005800e-001
  8.7005800e-001
  8.7005800e-001
  8.7005800e-001
  8.7016300e-001
  8.7016300e-001
  8.7250900e-001
  8.7250900e-001
  8.7250900e-001
  8.7250900e-001
  8.7276200e-001
  8.7276200e-001
  8.7398800e-001
  8.7398800e-001
  8.7424200e-001
  8.7424200e-001
  8.7485500e-001
  8.7485500e-001
  8.7546700e-001
  8.7546700e-001
  8.7572100e-001
  8.7572100e-001
  8.7608000e-001
  8.7608000e-001
  8.7669300e-001
  8.7669300e-001
  8.7694700e-001
  8.7694700e-001
  8.7817200e-001
  8.7817200e-001
  8.7842600e-001
  8.7842600e-001
  8.8077200e-001
  8.8077200e-001
  8.8138400e-001
  8.8138400e-001
  8.8225100e-001
  8.8225100e-001
  8.8225100e-001
  8.8225100e-001
  8.8225100e-001
  8.8225100e-001
  8.8225100e-001
  8.8225100e-001
  8.8225100e-001
  8.8225100e-001
  8.8225100e-001
  8.8225100e-001
  8.8225100e-001
  8.8225100e-001
  8.8225100e-001
  8.8225100e-001
  8.8225100e-001
  8.8225100e-001
  8.8225100e-001
  8.8225100e-001
  8.8286400e-001
  8.8286400e-001
  8.8322300e-001
  8.8322300e-001
  8.8347600e-001
  8.8347600e-001
  8.8434300e-001
  8.8434300e-001
  8.8434300e-001
  8.8434300e-001
  8.8582200e-001
  8.8582200e-001
  8.8939400e-001
  8.8939400e-001
  8.8939400e-001
  8.8939400e-001
  8.8939400e-001
  8.8939400e-001
  8.8939400e-001
  8.8939400e-001
  8.8939400e-001
  8.8939400e-001
  8.8939400e-001
  8.8939400e-001
  8.8939400e-001
  8.8939400e-001
  8.8939400e-001
  8.8939400e-001
  8.8939400e-001
  8.8939400e-001
  8.8939400e-001
  8.8939400e-001
  8.8939400e-001
  8.8939400e-001
  8.8939400e-001
  8.8939400e-001
  8.8939400e-001
  8.8939400e-001
  8.8939400e-001
  8.8939400e-001
  8.8939400e-001
  8.8939400e-001
  8.8939400e-001
  8.8939400e-001
  8.8939400e-001
  8.8939400e-001
  8.8939400e-001
  8.8939400e-001
  8.8939400e-001
  8.8939400e-001
  8.8939400e-001
  8.8939400e-001
  8.8939400e-001
  8.8939400e-001
  8.8939400e-001
  8.8939400e-001
  8.8939400e-001
  8.8939400e-001
  8.8939400e-001
  8.8939400e-001
  8.8939400e-001
  8.8939400e-001
  8.8939400e-001
  8.8939400e-001
  8.8939400e-001
  8.8939400e-001
  8.8939400e-001
  8.8939400e-001
  8.8939400e-001
  8.8939400e-001
  8.8939400e-001
  8.8939400e-001
  8.8939400e-001
  8.8939400e-001
  8.8939400e-001
  8.8939400e-001
  8.8939400e-001
  8.8939400e-001
  8.9036500e-001
  8.9036500e-001
  8.9061900e-001
  8.9061900e-001
  8.9087300e-001
  8.9087300e-001
  8.9296500e-001
  8.9296500e-001
  8.9296500e-001
  8.9296500e-001
  8.9296500e-001
  8.9296500e-001
  8.9296500e-001
  8.9296500e-001
  8.9296500e-001
  8.9296500e-001
  8.9296500e-001
  8.9296500e-001
  8.9332400e-001
  8.9332400e-001
  8.9393700e-001
  8.9393700e-001
  8.9393700e-001
  8.9393700e-001
  8.9393700e-001
  8.9393700e-001
  8.9567000e-001
  8.9567000e-001
  8.9653600e-001
  8.9653600e-001
  8.9653600e-001
  8.9653600e-001
  8.9653600e-001
  8.9653600e-001
  8.9653600e-001
  8.9653600e-001
  8.9689500e-001
  8.9689500e-001
  8.9714900e-001
  8.9714900e-001
  8.9837500e-001
  8.9837500e-001
  8.9862800e-001
  8.9862800e-001
  8.9862800e-001
  8.9862800e-001
  8.9862800e-001
  8.9862800e-001
  8.9898700e-001
  8.9898700e-001
  8.9949500e-001
  8.9949500e-001
  8.9949500e-001
  8.9949500e-001
  8.9949500e-001
  8.9949500e-001
  8.9949500e-001
  8.9949500e-001
  8.9949500e-001
  8.9949500e-001
  8.9949500e-001
  8.9949500e-001
  8.9949500e-001
  8.9949500e-001
  8.9949500e-001
  8.9949500e-001
  8.9949500e-001
  8.9949500e-001
  9.0010800e-001
  9.0010800e-001
  9.0010800e-001
  9.0010800e-001
  9.0158700e-001
  9.0158700e-001
  9.0158700e-001
  9.0158700e-001
  9.0306600e-001
  9.0306600e-001
  9.0306600e-001
  9.0306600e-001
  9.0367900e-001
  9.0367900e-001
  9.0367900e-001
  9.0367900e-001
  9.0367900e-001
  9.0367900e-001
  9.0367900e-001
  9.0367900e-001
  9.0367900e-001
  9.0367900e-001
  9.0367900e-001
  9.0367900e-001
  9.0367900e-001
  9.0367900e-001
  9.0367900e-001
  9.0367900e-001
  9.0367900e-001
  9.0367900e-001
  9.0367900e-001
  9.0367900e-001
  9.0367900e-001
  9.0367900e-001
  9.0367900e-001
  9.0367900e-001
  9.0403800e-001
  9.0403800e-001
  9.0551700e-001
  9.0551700e-001
  9.0613000e-001
  9.0613000e-001
  9.0613000e-001
  9.0613000e-001
  9.0638400e-001
  9.0638400e-001
  9.0699700e-001
  9.0699700e-001
  9.0908900e-001
  9.0908900e-001
  9.0995500e-001
  9.0995500e-001
  9.1082200e-001
  9.1082200e-001
  9.1082200e-001
  9.1082200e-001
  9.1082200e-001
  9.1082200e-001
  9.1082200e-001
  9.1082200e-001
  9.1082200e-001
  9.1082200e-001
  9.1118100e-001
  9.1118100e-001
  9.1327300e-001
  9.1327300e-001
  9.1378000e-001
  9.1378000e-001
  9.1378000e-001
  9.1378000e-001
  9.1413900e-001
  9.1413900e-001
  9.1475200e-001
  9.1475200e-001
  9.1587200e-001
  9.1587200e-001
  9.1587200e-001
  9.1587200e-001
  9.1587200e-001
  9.1587200e-001
  9.1659000e-001
  9.1659000e-001
  9.1745700e-001
  9.1745700e-001
  9.1796400e-001
  9.1796400e-001
  9.1796400e-001
  9.1796400e-001
  9.1883100e-001
  9.1883100e-001
  9.1883100e-001
  9.1883100e-001
  9.1883100e-001
  9.1883100e-001
  9.1883100e-001
  9.1883100e-001
  9.1893600e-001
  9.1893600e-001
  9.1919000e-001
  9.1919000e-001
  9.2031000e-001
  9.2031000e-001
  9.2214800e-001
  9.2214800e-001
  9.2240200e-001
  9.2240200e-001
  9.2388200e-001
  9.2388200e-001
  9.2424000e-001
  9.2424000e-001
  9.2424000e-001
  9.2424000e-001
  9.2597400e-001
  9.2597400e-001
  9.2806600e-001
  9.2806600e-001
  9.2867800e-001
  9.2867800e-001
  9.2867800e-001
  9.2867800e-001
  9.2878400e-001
  9.2878400e-001
  9.2929100e-001
  9.2929100e-001
  9.3102400e-001
  9.3102400e-001
  9.3102400e-001
  9.3102400e-001
  9.3138300e-001
  9.3138300e-001
  9.3138300e-001
  9.3138300e-001
  9.3225000e-001
  9.3225000e-001
  9.3225000e-001
  9.3225000e-001
  9.3225000e-001
  9.3225000e-001
  9.3225000e-001
  9.3225000e-001
  9.3225000e-001
  9.3225000e-001
  9.3311600e-001
  9.3311600e-001
  9.3311600e-001
  9.3311600e-001
  9.3372900e-001
  9.3372900e-001
  9.3383400e-001
  9.3383400e-001
  9.3582100e-001
  9.3582100e-001
  9.3582100e-001
  9.3582100e-001
  9.3582100e-001
  9.3582100e-001
  9.3607500e-001
  9.3607500e-001
  9.3607500e-001
  9.3607500e-001
  9.3607500e-001
  9.3607500e-001
  9.3939200e-001
  9.3939200e-001
  9.3939200e-001
  9.3939200e-001
  9.3939200e-001
  9.3939200e-001
  9.3939200e-001
  9.3939200e-001
  9.3939200e-001
  9.3939200e-001
  9.3939200e-001
  9.3939200e-001
  9.3939200e-001
  9.3939200e-001
  9.3939200e-001
  9.3939200e-001
  9.3964600e-001
  9.3964600e-001
  9.4025900e-001
  9.4025900e-001
  9.4025900e-001
  9.4025900e-001
  9.4025900e-001
  9.4025900e-001
  9.4112500e-001
  9.4112500e-001
  9.4112500e-001
  9.4112500e-001
  9.4112500e-001
  9.4112500e-001
  9.4112500e-001
  9.4112500e-001
  9.4112500e-001
  9.4112500e-001
  9.4112500e-001
  9.4112500e-001
  9.4112500e-001
  9.4112500e-001
  9.4112500e-001
  9.4112500e-001
  9.4112500e-001
  9.4112500e-001
  9.4112500e-001
  9.4112500e-001
  9.4112500e-001
  9.4112500e-001
  9.4112500e-001
  9.4112500e-001
  9.4112500e-001
  9.4112500e-001
  9.4148400e-001
  9.4148400e-001
  9.4148400e-001
  9.4148400e-001
  9.4321800e-001
  9.4321800e-001
  9.4357600e-001
  9.4357600e-001
  9.4383000e-001
  9.4383000e-001
  9.4393500e-001
  9.4393500e-001
  9.4393500e-001
  9.4393500e-001
  9.4444300e-001
  9.4444300e-001
  9.4469700e-001
  9.4469700e-001
  9.4469700e-001
  9.4469700e-001
  9.4592200e-001
  9.4592200e-001
  9.4628100e-001
  9.4628100e-001
  9.4653500e-001
  9.4653500e-001
  9.4653500e-001
  9.4653500e-001
  9.4653500e-001
  9.4653500e-001
  9.4653500e-001
  9.4653500e-001
  9.4678900e-001
  9.4678900e-001
  9.4740200e-001
  9.4740200e-001
  9.4740200e-001
  9.4740200e-001
  9.4740200e-001
  9.4740200e-001
  9.4740200e-001
  9.4740200e-001
  9.4750700e-001
  9.4750700e-001
  9.4801400e-001
  9.4801400e-001
  9.4826800e-001
  9.4826800e-001
  9.4826800e-001
  9.4826800e-001
  9.4826800e-001
  9.4826800e-001
  9.4826800e-001
  9.4826800e-001
  9.4826800e-001
  9.4826800e-001
  9.4826800e-001
  9.4826800e-001
  9.4826800e-001
  9.4826800e-001
  9.4826800e-001
  9.4826800e-001
  9.4924000e-001
  9.4924000e-001
  9.4924000e-001
  9.4924000e-001
  9.4974700e-001
  9.4974700e-001
  9.4974700e-001
  9.4974700e-001
  9.5010600e-001
  9.5010600e-001
  9.5010600e-001
  9.5010600e-001
  9.5036000e-001
  9.5036000e-001
  9.5071900e-001
  9.5071900e-001
  9.5097300e-001
  9.5097300e-001
  9.5194500e-001
  9.5194500e-001
  9.5367800e-001
  9.5367800e-001
  9.5367800e-001
  9.5367800e-001
  9.5403700e-001
  9.5403700e-001
  9.5490300e-001
  9.5490300e-001
  9.5577000e-001
  9.5577000e-001
  9.5663600e-001
  9.5663600e-001
  9.5663600e-001
  9.5663600e-001
  9.5689000e-001
  9.5689000e-001
  9.5699500e-001
  9.5699500e-001
  9.5750300e-001
  9.5750300e-001
  9.5750300e-001
  9.5750300e-001
  9.5811600e-001
  9.5811600e-001
  9.5934100e-001
  9.5934100e-001
  9.6082000e-001
  9.6082000e-001
  9.6194100e-001
  9.6194100e-001
  9.6291200e-001
  9.6291200e-001
  9.6439200e-001
  9.6439200e-001
  9.6439200e-001
  9.6439200e-001
  9.6439200e-001
  9.6439200e-001
  9.6439200e-001
  9.6439200e-001
  9.6464600e-001
  9.6464600e-001
  9.6464600e-001
  9.6464600e-001
  9.6551200e-001
  9.6551200e-001
  9.6551200e-001
  9.6551200e-001
  9.6709700e-001
  9.6709700e-001
  9.6709700e-001
  9.6709700e-001
  9.6760400e-001
  9.6760400e-001
  9.6760400e-001
  9.6760400e-001
  9.6760400e-001
  9.6760400e-001
  9.6796300e-001
  9.6796300e-001
  9.6908300e-001
  9.6908300e-001
  9.6969600e-001
  9.6969600e-001
  9.7056300e-001
  9.7056300e-001
  9.7056300e-001
  9.7056300e-001
  9.7056300e-001
  9.7056300e-001
  9.7056300e-001
  9.7056300e-001
  9.7056300e-001
  9.7056300e-001
  9.7056300e-001
  9.7056300e-001
  9.7178800e-001
  9.7178800e-001
  9.7214700e-001
  9.7214700e-001
  9.7413400e-001
  9.7413400e-001
  9.7413400e-001
  9.7413400e-001
  9.7413400e-001
  9.7413400e-001
  9.7413400e-001
  9.7413400e-001
  9.7413400e-001
  9.7413400e-001
  9.7413400e-001
  9.7413400e-001
  9.7413400e-001
  9.7413400e-001
  9.7413400e-001
  9.7413400e-001
  9.7413400e-001
  9.7413400e-001
  9.7413400e-001
  9.7413400e-001
  9.7413400e-001
  9.7413400e-001
  9.7423900e-001
  9.7423900e-001
  9.7423900e-001
  9.7423900e-001
  9.7449300e-001
  9.7449300e-001
  9.7510600e-001
  9.7510600e-001
  9.7510600e-001
  9.7510600e-001
  9.7770500e-001
  9.7770500e-001
  9.7770500e-001
  9.7770500e-001
  9.7770500e-001
  9.7770500e-001
  9.7770500e-001
  9.7770500e-001
  9.7770500e-001
  9.7770500e-001
  9.7770500e-001
  9.7770500e-001
  9.7770500e-001
  9.7770500e-001
  9.7770500e-001
  9.7770500e-001
  9.7954400e-001
  9.7954400e-001
  9.7979700e-001
  9.7979700e-001
  9.7979700e-001
  9.7979700e-001
  9.8041000e-001
  9.8041000e-001
  9.8138200e-001
  9.8138200e-001
  9.8189000e-001
  9.8189000e-001
  9.8224800e-001
  9.8224800e-001
  9.8224800e-001
  9.8224800e-001
  9.8224800e-001
  9.8224800e-001
  9.8250200e-001
  9.8250200e-001
  9.8260700e-001
  9.8260700e-001
  9.8275600e-001
  9.8275600e-001
  9.8275600e-001
  9.8275600e-001
  9.8546100e-001
  9.8546100e-001
  9.8632700e-001
  9.8632700e-001
  9.8694000e-001
  9.8694000e-001
  9.8694000e-001
  9.8694000e-001
  9.8694000e-001
  9.8694000e-001
  9.8694000e-001
  9.8694000e-001
  9.8694000e-001
  9.8694000e-001
  9.8841900e-001
  9.8841900e-001
  9.8989900e-001
  9.8989900e-001
  9.8989900e-001
  9.8989900e-001
  9.8989900e-001
  9.8989900e-001
  9.9025800e-001
  9.9025800e-001
  9.9025800e-001
  9.9025800e-001
  9.9112400e-001
  9.9112400e-001
  9.9112400e-001
  9.9112400e-001
  9.9235000e-001
  9.9235000e-001
  9.9347000e-001
  9.9347000e-001
  9.9469600e-001
  9.9469600e-001
  9.9469600e-001
  9.9469600e-001
  9.9494900e-001
  9.9494900e-001
  9.9494900e-001
  9.9494900e-001
  9.9494900e-001
  9.9494900e-001
  9.9494900e-001
  9.9494900e-001
  9.9494900e-001
  9.9494900e-001
  9.9494900e-001
  9.9494900e-001
  9.9494900e-001
  9.9494900e-001
  9.9556200e-001
  9.9556200e-001
  9.9653400e-001
  9.9653400e-001
  9.9653400e-001
  9.9653400e-001
  9.9653400e-001
  9.9653400e-001
  9.9740000e-001
  9.9740000e-001
  9.9826700e-001
  9.9826700e-001
  9.9852100e-001
  9.9852100e-001
  9.9888000e-001
  9.9888000e-001
  9.9913300e-001
  9.9913300e-001
  9.9913300e-001
  9.9913300e-001
  9.9913300e-001
  9.9913300e-001
