  6.1300000e-004
  6.1300000e-004
  6.1300000e-004
  6.1300000e-004
  1.8380000e-003
  1.8380000e-003
  3.5710000e-003
  3.5710000e-003
  4.5430000e-003
  4.5430000e-003
  4.5430000e-003
  4.5430000e-003
  4.7970000e-003
  4.7970000e-003
  6.2760000e-003
  6.2760000e-003
  6.2760000e-003
  6.2760000e-003
  6.2760000e-003
  6.2760000e-003
  6.6350000e-003
  6.6350000e-003
  8.3680000e-003
  8.3680000e-003
  8.3680000e-003
  8.3680000e-003
  8.9810000e-003
  8.9810000e-003
  9.5940000e-003
  9.5940000e-003
  1.0460000e-002
  1.0460000e-002
  1.0460000e-002
  1.0460000e-002
  1.0714000e-002
  1.0714000e-002
  1.2193000e-002
  1.2193000e-002
  1.2193000e-002
  1.2193000e-002
  1.2806000e-002
  1.2806000e-002
  1.3419000e-002
  1.3419000e-002
  1.3419000e-002
  1.3419000e-002
  1.3419000e-002
  1.3419000e-002
  1.4032000e-002
  1.4032000e-002
  1.4644000e-002
  1.4644000e-002
  1.4898000e-002
  1.4898000e-002
  1.5765000e-002
  1.5765000e-002
  1.6124000e-002
  1.6124000e-002
  1.6124000e-002
  1.6124000e-002
  1.9695000e-002
  1.9695000e-002
  1.9695000e-002
  1.9695000e-002
  1.9695000e-002
  1.9695000e-002
  1.9949000e-002
  1.9949000e-002
  2.0815000e-002
  2.0815000e-002
  2.0815000e-002
  2.0815000e-002
  2.1533000e-002
  2.1533000e-002
  2.2041000e-002
  2.2041000e-002
  2.2146000e-002
  2.2146000e-002
  2.4746000e-002
  2.4746000e-002
  2.4746000e-002
  2.4746000e-002
  2.5104000e-002
  2.5104000e-002
  2.5358000e-002
  2.5358000e-002
  2.5612000e-002
  2.5612000e-002
  2.5612000e-002
  2.5612000e-002
  2.5971000e-002
  2.5971000e-002
  2.6479000e-002
  2.6479000e-002
  2.6479000e-002
  2.6479000e-002
  2.6479000e-002
  2.6479000e-002
  2.6479000e-002
  2.6479000e-002
  2.6479000e-002
  2.6479000e-002
  2.6479000e-002
  2.6479000e-002
  2.7704000e-002
  2.7704000e-002
  2.8930000e-002
  2.8930000e-002
  3.1275000e-002
  3.1275000e-002
  3.2142000e-002
  3.2142000e-002
  3.3009000e-002
  3.3009000e-002
  3.3621000e-002
  3.3621000e-002
  3.3621000e-002
  3.3621000e-002
  3.3621000e-002
  3.3621000e-002
  3.3621000e-002
  3.3621000e-002
  3.3621000e-002
  3.3621000e-002
  3.3980000e-002
  3.3980000e-002
  3.3980000e-002
  3.3980000e-002
  3.3980000e-002
  3.3980000e-002
  3.7298000e-002
  3.7298000e-002
  3.7552000e-002
  3.7552000e-002
  3.8672000e-002
  3.8672000e-002
  3.8672000e-002
  3.8672000e-002
  3.8672000e-002
  3.8672000e-002
  3.9031000e-002
  3.9031000e-002
  3.9031000e-002
  3.9031000e-002
  3.9031000e-002
  3.9031000e-002
  3.9031000e-002
  3.9031000e-002
  3.9285000e-002
  3.9285000e-002
  3.9897000e-002
  3.9897000e-002
  3.9897000e-002
  3.9897000e-002
  4.0151000e-002
  4.0151000e-002
  4.0151000e-002
  4.0151000e-002
  4.0151000e-002
  4.0151000e-002
  4.0151000e-002
  4.0151000e-002
  4.0764000e-002
  4.0764000e-002
  4.1377000e-002
  4.1377000e-002
  4.1631000e-002
  4.1631000e-002
  4.1631000e-002
  4.1631000e-002
  4.1631000e-002
  4.1631000e-002
  4.5202000e-002
  4.5202000e-002
  4.5815000e-002
  4.5815000e-002
  4.7653000e-002
  4.7653000e-002
  4.7907000e-002
  4.7907000e-002
  4.8266000e-002
  4.8266000e-002
  4.8266000e-002
  4.8266000e-002
  4.8773000e-002
  4.8773000e-002
  4.9132000e-002
  4.9132000e-002
  4.9132000e-002
  4.9132000e-002
  4.9132000e-002
  4.9132000e-002
  4.9132000e-002
  4.9132000e-002
  4.9132000e-002
  4.9132000e-002
  5.4183000e-002
  5.4183000e-002
  5.4437000e-002
  5.4437000e-002
  5.4437000e-002
  5.4437000e-002
  5.5049000e-002
  5.5049000e-002
  5.5049000e-002
  5.5049000e-002
  5.5049000e-002
  5.5049000e-002
  5.5049000e-002
  5.5049000e-002
  5.5916000e-002
  5.5916000e-002
  5.5916000e-002
  5.5916000e-002
  5.5916000e-002
  5.5916000e-002
  5.6275000e-002
  5.6275000e-002
  5.6529000e-002
  5.6529000e-002
  5.8008000e-002
  5.8008000e-002
  5.8008000e-002
  5.8008000e-002
  5.8008000e-002
  5.8008000e-002
  5.8008000e-002
  5.8008000e-002
  5.8980000e-002
  5.8980000e-002
  5.9233000e-002
  5.9233000e-002
  5.9233000e-002
  5.9233000e-002
  5.9487000e-002
  5.9487000e-002
  5.9846000e-002
  5.9846000e-002
  5.9846000e-002
  5.9846000e-002
  6.0713000e-002
  6.0713000e-002
  6.0967000e-002
  6.0967000e-002
  6.0967000e-002
  6.0967000e-002
  6.0967000e-002
  6.0967000e-002
  6.0967000e-002
  6.0967000e-002
  6.1072000e-002
  6.1072000e-002
  6.2446000e-002
  6.2446000e-002
  6.2446000e-002
  6.2446000e-002
  6.2446000e-002
  6.2446000e-002
  6.2446000e-002
  6.2446000e-002
  6.2446000e-002
  6.2446000e-002
  6.2446000e-002
  6.2446000e-002
  6.3059000e-002
  6.3059000e-002
  6.3059000e-002
  6.3059000e-002
  6.4538000e-002
  6.4538000e-002
  6.4643000e-002
  6.4643000e-002
  6.5151000e-002
  6.5151000e-002
  6.5151000e-002
  6.5151000e-002
  6.5151000e-002
  6.5151000e-002
  6.5151000e-002
  6.5151000e-002
  6.5151000e-002
  6.5151000e-002
  6.6630000e-002
  6.6630000e-002
  6.6630000e-002
  6.6630000e-002
  6.7243000e-002
  6.7243000e-002
  6.8109000e-002
  6.8109000e-002
  6.8468000e-002
  6.8468000e-002
  6.8722000e-002
  6.8722000e-002
  6.8722000e-002
  6.8722000e-002
  6.9335000e-002
  6.9335000e-002
  6.9335000e-002
  6.9335000e-002
  6.9335000e-002
  6.9335000e-002
  6.9335000e-002
  6.9335000e-002
  6.9335000e-002
  6.9335000e-002
  6.9335000e-002
  6.9335000e-002
  7.0201000e-002
  7.0201000e-002
  7.0201000e-002
  7.0201000e-002
  7.0814000e-002
  7.0814000e-002
  7.1068000e-002
  7.1068000e-002
  7.1068000e-002
  7.1068000e-002
  7.1068000e-002
  7.1068000e-002
  7.1068000e-002
  7.1068000e-002
  7.1068000e-002
  7.1068000e-002
  7.1068000e-002
  7.1068000e-002
  7.1068000e-002
  7.1068000e-002
  7.1068000e-002
  7.1068000e-002
  7.1068000e-002
  7.1068000e-002
  7.1068000e-002
  7.1068000e-002
  7.2293000e-002
  7.2293000e-002
  7.2293000e-002
  7.2293000e-002
  7.2906000e-002
  7.2906000e-002
  7.3519000e-002
  7.3519000e-002
  7.4385000e-002
  7.4385000e-002
  7.4385000e-002
  7.4385000e-002
  7.4998000e-002
  7.4998000e-002
  7.6477000e-002
  7.6477000e-002
  7.6836000e-002
  7.6836000e-002
  7.8210000e-002
  7.8210000e-002
  7.8210000e-002
  7.8210000e-002
  7.8316000e-002
  7.8316000e-002
  7.9795000e-002
  7.9795000e-002
  8.0049000e-002
  8.0049000e-002
  8.1782000e-002
  8.1782000e-002
  8.1782000e-002
  8.1782000e-002
  8.4487000e-002
  8.4487000e-002
  8.4846000e-002
  8.4846000e-002
  8.6832000e-002
  8.6832000e-002
  8.6832000e-002
  8.6832000e-002
  8.6938000e-002
  8.6938000e-002
  8.6938000e-002
  8.6938000e-002
  8.7191000e-002
  8.7191000e-002
  8.7445000e-002
  8.7445000e-002
  8.7445000e-002
  8.7445000e-002
  8.9537000e-002
  8.9537000e-002
  8.9537000e-002
  8.9537000e-002
  9.0404000e-002
  9.0404000e-002
  9.0763000e-002
  9.0763000e-002
  9.1017000e-002
  9.1017000e-002
  9.1629000e-002
  9.1629000e-002
  9.1883000e-002
  9.1883000e-002
  9.2855000e-002
  9.2855000e-002
  9.2855000e-002
  9.2855000e-002
  9.4693000e-002
  9.4693000e-002
  9.4947000e-002
  9.4947000e-002
  9.4947000e-002
  9.4947000e-002
  9.5201000e-002
  9.5201000e-002
  9.5454000e-002
  9.5454000e-002
  9.5454000e-002
  9.5454000e-002
  9.5454000e-002
  9.5454000e-002
  9.5454000e-002
  9.5454000e-002
  9.5454000e-002
  9.5454000e-002
  9.5454000e-002
  9.5454000e-002
  9.5454000e-002
  9.5454000e-002
  9.5454000e-002
  9.5454000e-002
  9.5454000e-002
  9.5454000e-002
  9.5454000e-002
  9.5454000e-002
  9.5560000e-002
  9.5560000e-002
  9.7293000e-002
  9.7293000e-002
  9.7293000e-002
  9.7293000e-002
  9.7905000e-002
  9.7905000e-002
  9.9026000e-002
  9.9026000e-002
  1.0173100e-001
  1.0173100e-001
  1.0234300e-001
  1.0234300e-001
  1.0259700e-001
  1.0259700e-001
  1.0259700e-001
  1.0259700e-001
  1.0259700e-001
  1.0259700e-001
  1.0259700e-001
  1.0259700e-001
  1.0259700e-001
  1.0259700e-001
  1.0407600e-001
  1.0407600e-001
  1.0443500e-001
  1.0443500e-001
  1.0468900e-001
  1.0468900e-001
  1.0468900e-001
  1.0468900e-001
  1.0468900e-001
  1.0468900e-001
  1.0468900e-001
  1.0468900e-001
  1.0468900e-001
  1.0468900e-001
  1.0468900e-001
  1.0468900e-001
  1.0504800e-001
  1.0504800e-001
  1.0504800e-001
  1.0504800e-001
  1.0504800e-001
  1.0504800e-001
  1.0504800e-001
  1.0504800e-001
  1.0504800e-001
  1.0504800e-001
  1.0627400e-001
  1.0627400e-001
  1.0678100e-001
  1.0678100e-001
  1.0714000e-001
  1.0714000e-001
  1.0739400e-001
  1.0739400e-001
  1.0974000e-001
  1.0974000e-001
  1.0984500e-001
  1.0984500e-001
  1.1269800e-001
  1.1269800e-001
  1.1392400e-001
  1.1392400e-001
  1.1402900e-001
  1.1402900e-001
  1.1514900e-001
  1.1514900e-001
  1.1514900e-001
  1.1514900e-001
  1.1514900e-001
  1.1514900e-001
  1.1514900e-001
  1.1514900e-001
  1.1514900e-001
  1.1514900e-001
  1.1514900e-001
  1.1514900e-001
  1.1514900e-001
  1.1514900e-001
  1.1514900e-001
  1.1514900e-001
  1.1514900e-001
  1.1514900e-001
  1.1514900e-001
  1.1514900e-001
  1.1550800e-001
  1.1550800e-001
  1.1724100e-001
  1.1724100e-001
  1.1872100e-001
  1.1872100e-001
  1.1933300e-001
  1.1933300e-001
  1.1933300e-001
  1.1933300e-001
  1.2132000e-001
  1.2132000e-001
  1.2132000e-001
  1.2132000e-001
  1.2132000e-001
  1.2132000e-001
  1.2132000e-001
  1.2132000e-001
  1.2132000e-001
  1.2132000e-001
  1.2193300e-001
  1.2193300e-001
  1.2193300e-001
  1.2193300e-001
  1.2229200e-001
  1.2229200e-001
  1.2229200e-001
  1.2229200e-001
  1.2341200e-001
  1.2341200e-001
  1.2341200e-001
  1.2341200e-001
  1.2402500e-001
  1.2402500e-001
  1.2402500e-001
  1.2402500e-001
  1.2402500e-001
  1.2402500e-001
  1.2402500e-001
  1.2402500e-001
  1.2489200e-001
  1.2489200e-001
  1.2489200e-001
  1.2489200e-001
  1.2489200e-001
  1.2489200e-001
  1.2489200e-001
  1.2489200e-001
  1.2489200e-001
  1.2489200e-001
  1.2489200e-001
  1.2489200e-001
  1.2489200e-001
  1.2489200e-001
  1.2489200e-001
  1.2489200e-001
  1.2489200e-001
  1.2489200e-001
  1.2489200e-001
  1.2489200e-001
  1.2489200e-001
  1.2489200e-001
  1.2489200e-001
  1.2489200e-001
  1.2489200e-001
  1.2489200e-001
  1.2489200e-001
  1.2489200e-001
  1.2489200e-001
  1.2489200e-001
  1.2489200e-001
  1.2489200e-001
  1.2489200e-001
  1.2489200e-001
  1.2489200e-001
  1.2489200e-001
  1.2489200e-001
  1.2489200e-001
  1.2489200e-001
  1.2489200e-001
  1.2489200e-001
  1.2489200e-001
  1.2489200e-001
  1.2489200e-001
  1.2489200e-001
  1.2489200e-001
  1.2489200e-001
  1.2489200e-001
  1.2489200e-001
  1.2489200e-001
  1.2489200e-001
  1.2489200e-001
  1.2489200e-001
  1.2489200e-001
  1.2489200e-001
  1.2489200e-001
  1.2489200e-001
  1.2489200e-001
  1.2489200e-001
  1.2489200e-001
  1.2489200e-001
  1.2489200e-001
  1.2489200e-001
  1.2489200e-001
  1.2489200e-001
  1.2489200e-001
  1.2489200e-001
  1.2489200e-001
  1.2489200e-001
  1.2489200e-001
  1.2489200e-001
  1.2489200e-001
  1.2489200e-001
  1.2489200e-001
  1.2525100e-001
  1.2525100e-001
  1.2561000e-001
  1.2561000e-001
  1.2673000e-001
  1.2673000e-001
  1.2734300e-001
  1.2734300e-001
  1.2759600e-001
  1.2759600e-001
  1.2759600e-001
  1.2759600e-001
  1.2759600e-001
  1.2759600e-001
  1.2795500e-001
  1.2795500e-001
  1.2820900e-001
  1.2820900e-001
  1.2907600e-001
  1.2907600e-001
  1.2907600e-001
  1.2907600e-001
  1.2907600e-001
  1.2907600e-001
  1.2943500e-001
  1.2943500e-001
  1.2943500e-001
  1.2943500e-001
  1.2943500e-001
  1.2943500e-001
  1.3030100e-001
  1.3030100e-001
  1.3030100e-001
  1.3030100e-001
  1.3066000e-001
  1.3066000e-001
  1.3116800e-001
  1.3116800e-001
  1.3116800e-001
  1.3116800e-001
  1.3264700e-001
  1.3264700e-001
  1.3300600e-001
  1.3300600e-001
  1.3326000e-001
  1.3326000e-001
  1.3535200e-001
  1.3535200e-001
  1.3535200e-001
  1.3535200e-001
  1.3535200e-001
  1.3535200e-001
  1.3560600e-001
  1.3560600e-001
  1.3560600e-001
  1.3560600e-001
  1.3560600e-001
  1.3560600e-001
  1.3560600e-001
  1.3560600e-001
  1.3560600e-001
  1.3560600e-001
  1.3560600e-001
  1.3560600e-001
  1.3560600e-001
  1.3560600e-001
  1.3560600e-001
  1.3560600e-001
  1.3708500e-001
  1.3708500e-001
  1.3780300e-001
  1.3780300e-001
  1.3831000e-001
  1.3831000e-001
  1.3831000e-001
  1.3831000e-001
  1.3831000e-001
  1.3831000e-001
  1.3831000e-001
  1.3831000e-001
  1.3917700e-001
  1.3917700e-001
  1.4101500e-001
  1.4101500e-001
  1.4101500e-001
  1.4101500e-001
  1.4126900e-001
  1.4126900e-001
  1.4126900e-001
  1.4126900e-001
  1.4162800e-001
  1.4162800e-001
  1.4198700e-001
  1.4198700e-001
  1.4274800e-001
  1.4274800e-001
  1.4274800e-001
  1.4274800e-001
  1.4274800e-001
  1.4274800e-001
  1.4310700e-001
  1.4310700e-001
  1.4372000e-001
  1.4372000e-001
  1.4422800e-001
  1.4422800e-001
  1.4422800e-001
  1.4422800e-001
  1.4422800e-001
  1.4422800e-001
  1.4458700e-001
  1.4458700e-001
  1.4458700e-001
  1.4458700e-001
  1.4519900e-001
  1.4519900e-001
  1.4570700e-001
  1.4570700e-001
  1.4667900e-001
  1.4667900e-001
  1.4754500e-001
  1.4754500e-001
  1.4779900e-001
  1.4779900e-001
  1.4815800e-001
  1.4815800e-001
  1.4927800e-001
  1.4927800e-001
  1.4927800e-001
  1.4927800e-001
  1.4927800e-001
  1.4927800e-001
  1.4927800e-001
  1.4927800e-001
  1.5050400e-001
  1.5050400e-001
  1.5050400e-001
  1.5050400e-001
  1.5050400e-001
  1.5050400e-001
  1.5086300e-001
  1.5086300e-001
  1.5086300e-001
  1.5086300e-001
  1.5259600e-001
  1.5259600e-001
  1.5382100e-001
  1.5382100e-001
  1.5504700e-001
  1.5504700e-001
  1.5591300e-001
  1.5591300e-001
  1.5616700e-001
  1.5616700e-001
  1.5703400e-001
  1.5703400e-001
  1.5703400e-001
  1.5703400e-001
  1.5764600e-001
  1.5764600e-001
  1.5887200e-001
  1.5887200e-001
  1.5973900e-001
  1.5973900e-001
  1.5973900e-001
  1.5973900e-001
  1.6060500e-001
  1.6060500e-001
  1.6060500e-001
  1.6060500e-001
  1.6060500e-001
  1.6060500e-001
  1.6060500e-001
  1.6060500e-001
  1.6147200e-001
  1.6147200e-001
  1.6147200e-001
  1.6147200e-001
  1.6147200e-001
  1.6147200e-001
  1.6147200e-001
  1.6147200e-001
  1.6157700e-001
  1.6157700e-001
  1.6514800e-001
  1.6514800e-001
  1.6565600e-001
  1.6565600e-001
  1.6565600e-001
  1.6565600e-001
  1.6565600e-001
  1.6565600e-001
  1.6565600e-001
  1.6565600e-001
  1.6565600e-001
  1.6565600e-001
  1.6565600e-001
  1.6565600e-001
  1.6601500e-001
  1.6601500e-001
  1.6601500e-001
  1.6601500e-001
  1.6652200e-001
  1.6652200e-001
  1.6652200e-001
  1.6652200e-001
  1.6713500e-001
  1.6713500e-001
  1.6713500e-001
  1.6713500e-001
  1.6724000e-001
  1.6724000e-001
  1.6774800e-001
  1.6774800e-001
  1.6774800e-001
  1.6774800e-001
  1.6774800e-001
  1.6774800e-001
  1.6774800e-001
  1.6774800e-001
  1.6774800e-001
  1.6774800e-001
  1.6774800e-001
  1.6774800e-001
  1.6774800e-001
  1.6774800e-001
  1.6774800e-001
  1.6774800e-001
  1.6774800e-001
  1.6774800e-001
  1.6774800e-001
  1.6774800e-001
  1.6836000e-001
  1.6836000e-001
  1.7131900e-001
  1.7131900e-001
  1.7218600e-001
  1.7218600e-001
  1.7218600e-001
  1.7218600e-001
  1.7341100e-001
  1.7341100e-001
  1.7427800e-001
  1.7427800e-001
  1.7489000e-001
  1.7489000e-001
  1.7499600e-001
  1.7499600e-001
  1.7611600e-001
  1.7611600e-001
  1.7723600e-001
  1.7723600e-001
  1.7784900e-001
  1.7784900e-001
  1.7784900e-001
  1.7784900e-001
  1.7846200e-001
  1.7846200e-001
  1.7846200e-001
  1.7846200e-001
  1.7846200e-001
  1.7846200e-001
  1.7932800e-001
  1.7932800e-001
  1.7943300e-001
  1.7943300e-001
  1.8030000e-001
  1.8030000e-001
  1.8030000e-001
  1.8030000e-001
  1.8080800e-001
  1.8080800e-001
  1.8116700e-001
  1.8116700e-001
  1.8203300e-001
  1.8203300e-001
  1.8203300e-001
  1.8203300e-001
  1.8203300e-001
  1.8203300e-001
  1.8203300e-001
  1.8203300e-001
  1.8437900e-001
  1.8437900e-001
  1.8499200e-001
  1.8499200e-001
  1.8560400e-001
  1.8560400e-001
  1.8585800e-001
  1.8585800e-001
  1.8621700e-001
  1.8621700e-001
  1.8621700e-001
  1.8621700e-001
  1.8621700e-001
  1.8621700e-001
  1.8647100e-001
  1.8647100e-001
  1.8657600e-001
  1.8657600e-001
  1.8733800e-001
  1.8733800e-001
  1.8733800e-001
  1.8733800e-001
  1.8795000e-001
  1.8795000e-001
  1.8795000e-001
  1.8795000e-001
  1.8795000e-001
  1.8795000e-001
  1.8830900e-001
  1.8830900e-001
  1.8917600e-001
  1.8917600e-001
  1.8917600e-001
  1.8917600e-001
  1.8917600e-001
  1.8917600e-001
  1.8917600e-001
  1.8917600e-001
  1.8917600e-001
  1.8917600e-001
  1.8917600e-001
  1.8917600e-001
  1.9065500e-001
  1.9065500e-001
  1.9090900e-001
  1.9090900e-001
  1.9090900e-001
  1.9090900e-001
  1.9090900e-001
  1.9090900e-001
  1.9090900e-001
  1.9090900e-001
  1.9090900e-001
  1.9090900e-001
  1.9090900e-001
  1.9090900e-001
  1.9090900e-001
  1.9090900e-001
  1.9090900e-001
  1.9090900e-001
  1.9238800e-001
  1.9238800e-001
  1.9274700e-001
  1.9274700e-001
  1.9300100e-001
  1.9300100e-001
  1.9300100e-001
  1.9300100e-001
  1.9300100e-001
  1.9300100e-001
  1.9361400e-001
  1.9361400e-001
  1.9361400e-001
  1.9361400e-001
  1.9422600e-001
  1.9422600e-001
  1.9545200e-001
  1.9545200e-001
  1.9545200e-001
  1.9545200e-001
  1.9545200e-001
  1.9545200e-001
  1.9631800e-001
  1.9631800e-001
  1.9631800e-001
  1.9631800e-001
  1.9631800e-001
  1.9631800e-001
  1.9631800e-001
  1.9631800e-001
  1.9631800e-001
  1.9631800e-001
  1.9631800e-001
  1.9631800e-001
  1.9631800e-001
  1.9631800e-001
  1.9631800e-001
  1.9631800e-001
  1.9631800e-001
  1.9631800e-001
  1.9631800e-001
  1.9631800e-001
  1.9866400e-001
  1.9866400e-001
  1.9989000e-001
  1.9989000e-001
  1.9989000e-001
  1.9989000e-001
  2.0223600e-001
  2.0223600e-001
  2.0346100e-001
  2.0346100e-001
  2.0346100e-001
  2.0346100e-001
  2.0642000e-001
  2.0642000e-001
  2.0642000e-001
  2.0642000e-001
  2.0677900e-001
  2.0677900e-001
  2.0728600e-001
  2.0728600e-001
  2.0728600e-001
  2.0728600e-001
  2.0789900e-001
  2.0789900e-001
  2.0815300e-001
  2.0815300e-001
  2.0815300e-001
  2.0815300e-001
  2.1060400e-001
  2.1060400e-001
  2.1060400e-001
  2.1060400e-001
  2.1233700e-001
  2.1233700e-001
  2.1233700e-001
  2.1233700e-001
  2.1233700e-001
  2.1233700e-001
  2.1320300e-001
  2.1320300e-001
  2.1417500e-001
  2.1417500e-001
  2.1417500e-001
  2.1417500e-001
  2.1504200e-001
  2.1504200e-001
  2.1540100e-001
  2.1540100e-001
  2.1565400e-001
  2.1565400e-001
  2.1652100e-001
  2.1652100e-001
  2.1652100e-001
  2.1652100e-001
  2.1652100e-001
  2.1652100e-001
  2.1652100e-001
  2.1652100e-001
  2.1677500e-001
  2.1677500e-001
  2.1688000e-001
  2.1688000e-001
  2.1835900e-001
  2.1835900e-001
  2.1861300e-001
  2.1861300e-001
  2.1861300e-001
  2.1861300e-001
  2.2034600e-001
  2.2034600e-001
  2.2095900e-001
  2.2095900e-001
  2.2366400e-001
  2.2366400e-001
  2.2366400e-001
  2.2366400e-001
  2.2550200e-001
  2.2550200e-001
  2.2575600e-001
  2.2575600e-001
  2.2575600e-001
  2.2575600e-001
  2.2575600e-001
  2.2575600e-001
  2.2600900e-001
  2.2600900e-001
  2.2723500e-001
  2.2723500e-001
  2.2748900e-001
  2.2748900e-001
  2.2748900e-001
  2.2748900e-001
  2.2846000e-001
  2.2846000e-001
  2.2846000e-001
  2.2846000e-001
  2.2846000e-001
  2.2846000e-001
  2.2932700e-001
  2.2932700e-001
  2.3080600e-001
  2.3080600e-001
  2.3080600e-001
  2.3080600e-001
  2.3167300e-001
  2.3167300e-001
  2.3167300e-001
  2.3167300e-001
  2.3203200e-001
  2.3203200e-001
  2.3315200e-001
  2.3315200e-001
  2.3401900e-001
  2.3401900e-001
  2.3401900e-001
  2.3401900e-001
  2.3401900e-001
  2.3401900e-001
  2.3401900e-001
  2.3401900e-001
  2.3499000e-001
  2.3499000e-001
  2.3524400e-001
  2.3524400e-001
  2.3585700e-001
  2.3585700e-001
  2.3585700e-001
  2.3585700e-001
  2.3585700e-001
  2.3585700e-001
  2.3585700e-001
  2.3585700e-001
  2.3611100e-001
  2.3611100e-001
  2.3672400e-001
  2.3672400e-001
  2.3672400e-001
  2.3672400e-001
  2.3794900e-001
  2.3794900e-001
  2.3820300e-001
  2.3820300e-001
  2.3917400e-001
  2.3917400e-001
  2.3942800e-001
  2.3942800e-001
  2.4040000e-001
  2.4040000e-001
  2.4090800e-001
  2.4090800e-001
  2.4116100e-001
  2.4116100e-001
  2.4116100e-001
  2.4116100e-001
  2.4116100e-001
  2.4116100e-001
  2.4116100e-001
  2.4116100e-001
  2.4177400e-001
  2.4177400e-001
  2.4177400e-001
  2.4177400e-001
  2.4177400e-001
  2.4177400e-001
  2.4177400e-001
  2.4177400e-001
  2.4213300e-001
  2.4213300e-001
  2.4264100e-001
  2.4264100e-001
  2.4264100e-001
  2.4264100e-001
  2.4386600e-001
  2.4386600e-001
  2.4447900e-001
  2.4447900e-001
  2.4473300e-001
  2.4473300e-001
  2.4473300e-001
  2.4473300e-001
  2.4534500e-001
  2.4534500e-001
  2.4595800e-001
  2.4595800e-001
  2.4595800e-001
  2.4595800e-001
  2.4595800e-001
  2.4595800e-001
  2.4621200e-001
  2.4621200e-001
  2.4621200e-001
  2.4621200e-001
  2.4631700e-001
  2.4631700e-001
  2.4631700e-001
  2.4631700e-001
  2.4805000e-001
  2.4805000e-001
  2.4805000e-001
  2.4805000e-001
  2.4891700e-001
  2.4891700e-001
  2.4891700e-001
  2.4891700e-001
  2.4891700e-001
  2.4891700e-001
  2.4891700e-001
  2.4891700e-001
  2.4891700e-001
  2.4891700e-001
  2.4927600e-001
  2.4927600e-001
  2.5075500e-001
  2.5075500e-001
  2.5187500e-001
  2.5187500e-001
  2.5187500e-001
  2.5187500e-001
  2.5187500e-001
  2.5187500e-001
  2.5187500e-001
  2.5187500e-001
  2.5346000e-001
  2.5346000e-001
  2.5396700e-001
  2.5396700e-001
  2.5396700e-001
  2.5396700e-001
  2.5544700e-001
  2.5544700e-001
  2.5692600e-001
  2.5692600e-001
  2.5692600e-001
  2.5692600e-001
  2.5692600e-001
  2.5692600e-001
  2.5692600e-001
  2.5692600e-001
  2.5692600e-001
  2.5692600e-001
  2.5692600e-001
  2.5692600e-001
  2.5692600e-001
  2.5692600e-001
  2.5692600e-001
  2.5692600e-001
  2.5692600e-001
  2.5692600e-001
  2.5692600e-001
  2.5692600e-001
  2.5728500e-001
  2.5728500e-001
  2.6085600e-001
  2.6085600e-001
  2.6111000e-001
  2.6111000e-001
  2.6111000e-001
  2.6111000e-001
  2.6197700e-001
  2.6197700e-001
  2.6197700e-001
  2.6197700e-001
  2.6197700e-001
  2.6197700e-001
  2.6197700e-001
  2.6197700e-001
  2.6258900e-001
  2.6258900e-001
  2.6320200e-001
  2.6320200e-001
  2.6320200e-001
  2.6320200e-001
  2.6320200e-001
  2.6320200e-001
  2.6320200e-001
  2.6320200e-001
  2.6320200e-001
  2.6320200e-001
  2.6320200e-001
  2.6320200e-001
  2.6320200e-001
  2.6320200e-001
  2.6320200e-001
  2.6320200e-001
  2.6345600e-001
  2.6345600e-001
  2.6468100e-001
  2.6468100e-001
  2.6590700e-001
  2.6590700e-001
  2.6616100e-001
  2.6616100e-001
  2.6616100e-001
  2.6616100e-001
  2.6713200e-001
  2.6713200e-001
  2.6764000e-001
  2.6764000e-001
  2.6947800e-001
  2.6947800e-001
  2.6947800e-001
  2.6947800e-001
  2.6973200e-001
  2.6973200e-001
  2.6973200e-001
  2.6973200e-001
  2.7034500e-001
  2.7034500e-001
  2.7034500e-001
  2.7034500e-001
  2.7034500e-001
  2.7034500e-001
  2.7243700e-001
  2.7243700e-001
  2.7452900e-001
  2.7452900e-001
  2.7488800e-001
  2.7488800e-001
  2.7564900e-001
  2.7564900e-001
  2.7564900e-001
  2.7564900e-001
  2.7600800e-001
  2.7600800e-001
  2.7626200e-001
  2.7626200e-001
  2.7626200e-001
  2.7626200e-001
  2.7626200e-001
  2.7626200e-001
  2.7626200e-001
  2.7626200e-001
  2.7810000e-001
  2.7810000e-001
  2.7922100e-001
  2.7922100e-001
  2.7922100e-001
  2.7922100e-001
  2.7922100e-001
  2.7922100e-001
  2.7922100e-001
  2.7922100e-001
  2.7958000e-001
  2.7958000e-001
  2.7983300e-001
  2.7983300e-001
  2.8019200e-001
  2.8019200e-001
  2.8044600e-001
  2.8044600e-001
  2.8105900e-001
  2.8105900e-001
  2.8131300e-001
  2.8131300e-001
  2.8131300e-001
  2.8131300e-001
  2.8131300e-001
  2.8131300e-001
  2.8203100e-001
  2.8203100e-001
  2.8279200e-001
  2.8279200e-001
  2.8289700e-001
  2.8289700e-001
  2.8427100e-001
  2.8427100e-001
  2.8427100e-001
  2.8427100e-001
  2.8463000e-001
  2.8463000e-001
  2.8463000e-001
  2.8463000e-001
  2.8463000e-001
  2.8463000e-001
  2.8549700e-001
  2.8549700e-001
  2.8549700e-001
  2.8549700e-001
  2.8549700e-001
  2.8549700e-001
  2.8549700e-001
  2.8549700e-001
  2.8549700e-001
  2.8549700e-001
  2.8549700e-001
  2.8549700e-001
  2.8560200e-001
  2.8560200e-001
  2.8636300e-001
  2.8636300e-001
  2.8636300e-001
  2.8636300e-001
  2.8636300e-001
  2.8636300e-001
  2.8636300e-001
  2.8636300e-001
  2.8636300e-001
  2.8636300e-001
  2.8636300e-001
  2.8636300e-001
  2.8636300e-001
  2.8636300e-001
  2.8636300e-001
  2.8636300e-001
  2.8636300e-001
  2.8636300e-001
  2.8636300e-001
  2.8636300e-001
  2.8636300e-001
  2.8636300e-001
  2.8636300e-001
  2.8636300e-001
  2.8758900e-001
  2.8758900e-001
  2.8758900e-001
  2.8758900e-001
  2.8784300e-001
  2.8784300e-001
  2.8794800e-001
  2.8794800e-001
  2.8794800e-001
  2.8794800e-001
  2.8794800e-001
  2.8794800e-001
  2.8881400e-001
  2.8881400e-001
  2.9054700e-001
  2.9054700e-001
  2.9090600e-001
  2.9090600e-001
  2.9116000e-001
  2.9116000e-001
  2.9116000e-001
  2.9116000e-001
  2.9141400e-001
  2.9141400e-001
  2.9141400e-001
  2.9141400e-001
  2.9141400e-001
  2.9141400e-001
  2.9141400e-001
  2.9141400e-001
  2.9141400e-001
  2.9141400e-001
  2.9141400e-001
  2.9141400e-001
  2.9141400e-001
  2.9141400e-001
  2.9141400e-001
  2.9141400e-001
  2.9141400e-001
  2.9141400e-001
  2.9151900e-001
  2.9151900e-001
  2.9595700e-001
  2.9595700e-001
  2.9621100e-001
  2.9621100e-001
  2.9646500e-001
  2.9646500e-001
  2.9646500e-001
  2.9646500e-001
  2.9646500e-001
  2.9646500e-001
  2.9707700e-001
  2.9707700e-001
  2.9743600e-001
  2.9743600e-001
  2.9804900e-001
  2.9804900e-001
  2.9891600e-001
  2.9891600e-001
  2.9891600e-001
  2.9891600e-001
  2.9916900e-001
  2.9916900e-001
  3.0003600e-001
  3.0003600e-001
  3.0335300e-001
  3.0335300e-001
  3.0544500e-001
  3.0544500e-001
  3.0605800e-001
  3.0605800e-001
  3.0631200e-001
  3.0631200e-001
  3.0779100e-001
  3.0779100e-001
  3.0815000e-001
  3.0815000e-001
  3.0865800e-001
  3.0865800e-001
  3.1075000e-001
  3.1075000e-001
  3.1075000e-001
  3.1075000e-001
  3.1075000e-001
  3.1075000e-001
  3.1110900e-001
  3.1110900e-001
  3.1197500e-001
  3.1197500e-001
  3.1197500e-001
  3.1197500e-001
  3.1222900e-001
  3.1222900e-001
  3.1222900e-001
  3.1222900e-001
  3.1222900e-001
  3.1222900e-001
  3.1233400e-001
  3.1233400e-001
  3.1284200e-001
  3.1284200e-001
  3.1406700e-001
  3.1406700e-001
  3.1406700e-001
  3.1406700e-001
  3.1493400e-001
  3.1493400e-001
  3.1641300e-001
  3.1641300e-001
  3.1886400e-001
  3.1886400e-001
  3.1937200e-001
  3.1937200e-001
  3.1937200e-001
  3.1937200e-001
  3.1973100e-001
  3.1973100e-001
  3.2085100e-001
  3.2085100e-001
  3.2085100e-001
  3.2085100e-001
  3.2085100e-001
  3.2085100e-001
  3.2218200e-001
  3.2218200e-001
  3.2391500e-001
  3.2391500e-001
  3.2452800e-001
  3.2452800e-001
  3.2564800e-001
  3.2564800e-001
  3.2590200e-001
  3.2590200e-001
  3.2600700e-001
  3.2600700e-001
  3.2600700e-001
  3.2600700e-001
  3.2860700e-001
  3.2860700e-001
  3.2896600e-001
  3.2896600e-001
  3.3008600e-001
  3.3008600e-001
  3.3008600e-001
  3.3008600e-001
  3.3008600e-001
  3.3008600e-001
  3.3008600e-001
  3.3008600e-001
  3.3167000e-001
  3.3167000e-001
  3.3217800e-001
  3.3217800e-001
  3.3217800e-001
  3.3217800e-001
  3.3279100e-001
  3.3279100e-001
  3.3304400e-001
  3.3304400e-001
  3.3304400e-001
  3.3304400e-001
  3.3304400e-001
  3.3304400e-001
  3.3462900e-001
  3.3462900e-001
  3.3513700e-001
  3.3513700e-001
  3.3513700e-001
  3.3513700e-001
  3.3513700e-001
  3.3513700e-001
  3.3636200e-001
  3.3636200e-001
  3.3636200e-001
  3.3636200e-001
  3.3758800e-001
  3.3758800e-001
  3.3809500e-001
  3.3809500e-001
  3.3809500e-001
  3.3809500e-001
  3.3809500e-001
  3.3809500e-001
  3.3809500e-001
  3.3809500e-001
  3.3809500e-001
  3.3809500e-001
  3.3809500e-001
  3.3809500e-001
  3.3809500e-001
  3.3809500e-001
  3.3845400e-001
  3.3845400e-001
  3.3845400e-001
  3.3845400e-001
  3.3932100e-001
  3.3932100e-001
  3.3932100e-001
  3.3932100e-001
  3.3932100e-001
  3.3932100e-001
  3.4018700e-001
  3.4018700e-001
  3.4018700e-001
  3.4018700e-001
  3.4350500e-001
  3.4350500e-001
  3.4350500e-001
  3.4350500e-001
  3.4411700e-001
  3.4411700e-001
  3.4523800e-001
  3.4523800e-001
  3.4794300e-001
  3.4794300e-001
  3.4891400e-001
  3.4891400e-001
  3.4891400e-001
  3.4891400e-001
  3.4916800e-001
  3.4916800e-001
  3.4942200e-001
  3.4942200e-001
  3.4952700e-001
  3.4952700e-001
  3.5028800e-001
  3.5028800e-001
  3.5028800e-001
  3.5028800e-001
  3.5028800e-001
  3.5028800e-001
  3.5028800e-001
  3.5028800e-001
  3.5028800e-001
  3.5028800e-001
  3.5064700e-001
  3.5064700e-001
  3.5126000e-001
  3.5126000e-001
  3.5187300e-001
  3.5187300e-001
  3.5508500e-001
  3.5508500e-001
  3.5533900e-001
  3.5533900e-001
  3.5533900e-001
  3.5533900e-001
  3.5533900e-001
  3.5533900e-001
  3.5533900e-001
  3.5533900e-001
  3.5595200e-001
  3.5595200e-001
  3.5605700e-001
  3.5605700e-001
  3.5743100e-001
  3.5743100e-001
  3.5743100e-001
  3.5743100e-001
  3.5804400e-001
  3.5804400e-001
  3.5901600e-001
  3.5901600e-001
  3.5901600e-001
  3.5901600e-001
  3.5952300e-001
  3.5952300e-001
  3.5952300e-001
  3.5952300e-001
  3.6024100e-001
  3.6024100e-001
  3.6100200e-001
  3.6100200e-001
  3.6100200e-001
  3.6100200e-001
  3.6161500e-001
  3.6161500e-001
  3.6248200e-001
  3.6248200e-001
  3.6248200e-001
  3.6248200e-001
  3.6320000e-001
  3.6320000e-001
  3.6406600e-001
  3.6406600e-001
  3.6457400e-001
  3.6457400e-001
  3.6457400e-001
  3.6457400e-001
  3.6457400e-001
  3.6457400e-001
  3.6457400e-001
  3.6457400e-001
  3.6457400e-001
  3.6457400e-001
  3.6457400e-001
  3.6457400e-001
  3.6457400e-001
  3.6457400e-001
  3.6457400e-001
  3.6457400e-001
  3.6493300e-001
  3.6493300e-001
  3.6579900e-001
  3.6579900e-001
  3.6579900e-001
  3.6579900e-001
  3.6605300e-001
  3.6605300e-001
  3.6753200e-001
  3.6753200e-001
  3.6753200e-001
  3.6753200e-001
  3.6753200e-001
  3.6753200e-001
  3.6763700e-001
  3.6763700e-001
  3.6962400e-001
  3.6962400e-001
  3.7171600e-001
  3.7171600e-001
  3.7207500e-001
  3.7207500e-001
  3.7207500e-001
  3.7207500e-001
  3.7294200e-001
  3.7294200e-001
  3.7294200e-001
  3.7294200e-001
  3.7294200e-001
  3.7294200e-001
  3.7294200e-001
  3.7294200e-001
  3.7380800e-001
  3.7380800e-001
  3.7380800e-001
  3.7380800e-001
  3.7380800e-001
  3.7380800e-001
  3.7380800e-001
  3.7380800e-001
  3.7380800e-001
  3.7380800e-001
  3.7380800e-001
  3.7380800e-001
  3.7380800e-001
  3.7380800e-001
  3.7380800e-001
  3.7380800e-001
  3.7380800e-001
  3.7380800e-001
  3.7380800e-001
  3.7380800e-001
  3.7416700e-001
  3.7416700e-001
  3.7442100e-001
  3.7442100e-001
  3.7467500e-001
  3.7467500e-001
  3.7467500e-001
  3.7467500e-001
  3.7467500e-001
  3.7467500e-001
  3.7467500e-001
  3.7467500e-001
  3.7467500e-001
  3.7467500e-001
  3.7467500e-001
  3.7467500e-001
  3.7467500e-001
  3.7467500e-001
  3.7467500e-001
  3.7467500e-001
  3.7528800e-001
  3.7528800e-001
  3.7590100e-001
  3.7590100e-001
  3.7615400e-001
  3.7615400e-001
  3.7615400e-001
  3.7615400e-001
  3.7615400e-001
  3.7615400e-001
  3.7615400e-001
  3.7615400e-001
  3.7625900e-001
  3.7625900e-001
  3.7651300e-001
  3.7651300e-001
  3.7651300e-001
  3.7651300e-001
  3.7651300e-001
  3.7651300e-001
  3.7676700e-001
  3.7676700e-001
  3.7676700e-001
  3.7676700e-001
  3.7738000e-001
  3.7738000e-001
  3.7799300e-001
  3.7799300e-001
  3.7947200e-001
  3.7947200e-001
  3.7983100e-001
  3.7983100e-001
  3.8008500e-001
  3.8008500e-001
  3.8044400e-001
  3.8044400e-001
  3.8095100e-001
  3.8095100e-001
  3.8095100e-001
  3.8095100e-001
  3.8095100e-001
  3.8095100e-001
  3.8156400e-001
  3.8156400e-001
  3.8156400e-001
  3.8156400e-001
  3.8181800e-001
  3.8181800e-001
  3.8181800e-001
  3.8181800e-001
  3.8181800e-001
  3.8181800e-001
  3.8181800e-001
  3.8181800e-001
  3.8181800e-001
  3.8181800e-001
  3.8181800e-001
  3.8181800e-001
  3.8192300e-001
  3.8192300e-001
  3.8477600e-001
  3.8477600e-001
  3.8477600e-001
  3.8477600e-001
  3.8477600e-001
  3.8477600e-001
  3.8477600e-001
  3.8477600e-001
  3.8477600e-001
  3.8477600e-001
  3.8636100e-001
  3.8636100e-001
  3.8686800e-001
  3.8686800e-001
  3.8686800e-001
  3.8686800e-001
  3.8686800e-001
  3.8686800e-001
  3.8722700e-001
  3.8722700e-001
  3.8722700e-001
  3.8722700e-001
  3.8834800e-001
  3.8834800e-001
  3.8845300e-001
  3.8845300e-001
  3.9079900e-001
  3.9079900e-001
  3.9105200e-001
  3.9105200e-001
  3.9166500e-001
  3.9166500e-001
  3.9166500e-001
  3.9166500e-001
  3.9253200e-001
  3.9253200e-001
  3.9314400e-001
  3.9314400e-001
  3.9314400e-001
  3.9314400e-001
  3.9314400e-001
  3.9314400e-001
  3.9314400e-001
  3.9314400e-001
  3.9314400e-001
  3.9314400e-001
  3.9462400e-001
  3.9462400e-001
  3.9646200e-001
  3.9646200e-001
  3.9671600e-001
  3.9671600e-001
  3.9697000e-001
  3.9697000e-001
  3.9697000e-001
  3.9697000e-001
  3.9697000e-001
  3.9697000e-001
  3.9697000e-001
  3.9697000e-001
  3.9697000e-001
  3.9697000e-001
  3.9697000e-001
  3.9697000e-001
  3.9697000e-001
  3.9697000e-001
  3.9697000e-001
  3.9697000e-001
  3.9697000e-001
  3.9697000e-001
  3.9697000e-001
  3.9697000e-001
  3.9697000e-001
  3.9697000e-001
  3.9732900e-001
  3.9732900e-001
  3.9758200e-001
  3.9758200e-001
  3.9819500e-001
  3.9819500e-001
  3.9967400e-001
  3.9967400e-001
  4.0054100e-001
  4.0054100e-001
  4.0054100e-001
  4.0054100e-001
  4.0151300e-001
  4.0151300e-001
  4.0151300e-001
  4.0151300e-001
  4.0151300e-001
  4.0151300e-001
  4.0151300e-001
  4.0151300e-001
  4.0151300e-001
  4.0151300e-001
  4.0237900e-001
  4.0237900e-001
  4.0237900e-001
  4.0237900e-001
  4.0237900e-001
  4.0237900e-001
  4.0411200e-001
  4.0411200e-001
  4.0411200e-001
  4.0411200e-001
  4.0447100e-001
  4.0447100e-001
  4.0447100e-001
  4.0447100e-001
  4.0447100e-001
  4.0447100e-001
  4.0447100e-001
  4.0447100e-001
  4.0768400e-001
  4.0768400e-001
  4.0778900e-001
  4.0778900e-001
  4.0829600e-001
  4.0829600e-001
  4.0829600e-001
  4.0829600e-001
  4.0865500e-001
  4.0865500e-001
  4.0916300e-001
  4.0916300e-001
  4.0988100e-001
  4.0988100e-001
  4.1074700e-001
  4.1074700e-001
  4.1125500e-001
  4.1125500e-001
  4.1125500e-001
  4.1125500e-001
  4.1125500e-001
  4.1125500e-001
  4.1125500e-001
  4.1125500e-001
  4.1125500e-001
  4.1125500e-001
  4.1334700e-001
  4.1334700e-001
  4.1334700e-001
  4.1334700e-001
  4.1334700e-001
  4.1334700e-001
  4.1370600e-001
  4.1370600e-001
  4.1421400e-001
  4.1421400e-001
  4.1421400e-001
  4.1421400e-001
  4.1421400e-001
  4.1421400e-001
  4.1421400e-001
  4.1421400e-001
  4.1421400e-001
  4.1421400e-001
  4.1421400e-001
  4.1421400e-001
  4.1421400e-001
  4.1421400e-001
  4.1421400e-001
  4.1421400e-001
  4.1421400e-001
  4.1421400e-001
  4.1457200e-001
  4.1457200e-001
  4.1457200e-001
  4.1457200e-001
  4.1579800e-001
  4.1579800e-001
  4.1691800e-001
  4.1691800e-001
  4.1778500e-001
  4.1778500e-001
  4.1962300e-001
  4.1962300e-001
  4.1962300e-001
  4.1962300e-001
  4.2023600e-001
  4.2023600e-001
  4.2110200e-001
  4.2110200e-001
  4.2135600e-001
  4.2135600e-001
  4.2135600e-001
  4.2135600e-001
  4.2171500e-001
  4.2171500e-001
  4.2171500e-001
  4.2171500e-001
  4.2196900e-001
  4.2196900e-001
  4.2196900e-001
  4.2196900e-001
  4.2196900e-001
  4.2196900e-001
  4.2258200e-001
  4.2258200e-001
  4.2258200e-001
  4.2258200e-001
  4.2380700e-001
  4.2380700e-001
  4.2380700e-001
  4.2380700e-001
  4.2676600e-001
  4.2676600e-001
  4.2676600e-001
  4.2676600e-001
  4.2702000e-001
  4.2702000e-001
  4.2702000e-001
  4.2702000e-001
  4.2702000e-001
  4.2702000e-001
  4.2712500e-001
  4.2712500e-001
  4.2824500e-001
  4.2824500e-001
  4.2849900e-001
  4.2849900e-001
  4.3008300e-001
  4.3008300e-001
  4.3059100e-001
  4.3059100e-001
  4.3242900e-001
  4.3242900e-001
  4.3268300e-001
  4.3268300e-001
  4.3268300e-001
  4.3268300e-001
  4.3268300e-001
  4.3268300e-001
  4.3278800e-001
  4.3278800e-001
  4.3355000e-001
  4.3355000e-001
  4.3355000e-001
  4.3355000e-001
  4.3355000e-001
  4.3355000e-001
  4.3355000e-001
  4.3355000e-001
  4.3355000e-001
  4.3355000e-001
  4.3355000e-001
  4.3355000e-001
  4.3355000e-001
  4.3355000e-001
  4.3416200e-001
  4.3416200e-001
  4.3477500e-001
  4.3477500e-001
  4.3477500e-001
  4.3477500e-001
  4.3625400e-001
  4.3625400e-001
  4.3625400e-001
  4.3625400e-001
  4.3712100e-001
  4.3712100e-001
  4.3712100e-001
  4.3712100e-001
  4.3712100e-001
  4.3712100e-001
  4.3921300e-001
  4.3921300e-001
  4.3982600e-001
  4.3982600e-001
  4.3982600e-001
  4.3982600e-001
  4.3982600e-001
  4.3982600e-001
  4.3982600e-001
  4.3982600e-001
  4.3982600e-001
  4.3982600e-001
  4.4018500e-001
  4.4018500e-001
  4.4018500e-001
  4.4018500e-001
  4.4069200e-001
  4.4069200e-001
  4.4069200e-001
  4.4069200e-001
  4.4069200e-001
  4.4069200e-001
  4.4191800e-001
  4.4191800e-001
  4.4191800e-001
  4.4191800e-001
  4.4314300e-001
  4.4314300e-001
  4.4426400e-001
  4.4426400e-001
  4.4574300e-001
  4.4574300e-001
  4.4574300e-001
  4.4574300e-001
  4.4696800e-001
  4.4696800e-001
  4.4696800e-001
  4.4696800e-001
  4.4696800e-001
  4.4696800e-001
  4.4696800e-001
  4.4696800e-001
  4.4696800e-001
  4.4696800e-001
  4.4696800e-001
  4.4696800e-001
  4.4722200e-001
  4.4722200e-001
  4.4722200e-001
  4.4722200e-001
  4.4722200e-001
  4.4722200e-001
  4.4722200e-001
  4.4722200e-001
  4.4722200e-001
  4.4722200e-001
  4.4880700e-001
  4.4880700e-001
  4.5054000e-001
  4.5054000e-001
  4.5140600e-001
  4.5140600e-001
  4.5201900e-001
  4.5201900e-001
  4.5201900e-001
  4.5201900e-001
  4.5201900e-001
  4.5201900e-001
  4.5201900e-001
  4.5201900e-001
  4.5263200e-001
  4.5263200e-001
  4.5497800e-001
  4.5497800e-001
  4.5497800e-001
  4.5497800e-001
  4.5497800e-001
  4.5497800e-001
  4.5497800e-001
  4.5497800e-001
  4.5533700e-001
  4.5533700e-001
  4.5533700e-001
  4.5533700e-001
  4.5533700e-001
  4.5533700e-001
  4.5584400e-001
  4.5584400e-001
  4.5584400e-001
  4.5584400e-001
  4.5584400e-001
  4.5584400e-001
  4.5584400e-001
  4.5584400e-001
  4.5584400e-001
  4.5584400e-001
  4.5793600e-001
  4.5793600e-001
  4.5793600e-001
  4.5793600e-001
  4.5941500e-001
  4.5941500e-001
  4.5941500e-001
  4.5941500e-001
  4.5941500e-001
  4.5941500e-001
  4.6298700e-001
  4.6298700e-001
  4.6298700e-001
  4.6298700e-001
  4.6298700e-001
  4.6298700e-001
  4.6298700e-001
  4.6298700e-001
  4.6360000e-001
  4.6360000e-001
  4.6507900e-001
  4.6507900e-001
  4.6507900e-001
  4.6507900e-001
  4.6507900e-001
  4.6507900e-001
  4.6543800e-001
  4.6543800e-001
  4.6543800e-001
  4.6543800e-001
  4.6655800e-001
  4.6655800e-001
  4.6666300e-001
  4.6666300e-001
  4.6803700e-001
  4.6803700e-001
  4.6803700e-001
  4.6803700e-001
  4.6814300e-001
  4.6814300e-001
  4.6814300e-001
  4.6814300e-001
  4.6962200e-001
  4.6962200e-001
  4.7135500e-001
  4.7135500e-001
  4.7135500e-001
  4.7135500e-001
  4.7222200e-001
  4.7222200e-001
  4.7232700e-001
  4.7232700e-001
  4.7380600e-001
  4.7380600e-001
  4.7528500e-001
  4.7528500e-001
  4.7640600e-001
  4.7640600e-001
  4.7640600e-001
  4.7640600e-001
  4.7701800e-001
  4.7701800e-001
  4.7727200e-001
  4.7727200e-001
  4.7727200e-001
  4.7727200e-001
  4.7727200e-001
  4.7727200e-001
  4.7727200e-001
  4.7727200e-001
  4.7727200e-001
  4.7727200e-001
  4.7727200e-001
  4.7727200e-001
  4.7727200e-001
  4.7727200e-001
  4.7727200e-001
  4.7727200e-001
  4.7727200e-001
  4.7727200e-001
  4.7727200e-001
  4.7727200e-001
  4.7788500e-001
  4.7788500e-001
  4.7875100e-001
  4.7875100e-001
  4.8023100e-001
  4.8023100e-001
  4.8023100e-001
  4.8023100e-001
  4.8023100e-001
  4.8023100e-001
  4.8023100e-001
  4.8023100e-001
  4.8094900e-001
  4.8094900e-001
  4.8145600e-001
  4.8145600e-001
  4.8145600e-001
  4.8145600e-001
  4.8181500e-001
  4.8181500e-001
  4.8232300e-001
  4.8232300e-001
  4.8232300e-001
  4.8232300e-001
  4.8268200e-001
  4.8268200e-001
  4.8380200e-001
  4.8380200e-001
  4.8528100e-001
  4.8528100e-001
  4.8528100e-001
  4.8528100e-001
  4.8528100e-001
  4.8528100e-001
  4.8528100e-001
  4.8528100e-001
  4.8528100e-001
  4.8528100e-001
  4.8528100e-001
  4.8528100e-001
  4.8528100e-001
  4.8528100e-001
  4.8528100e-001
  4.8528100e-001
  4.8528100e-001
  4.8528100e-001
  4.8528100e-001
  4.8528100e-001
  4.8528100e-001
  4.8528100e-001
  4.8528100e-001
  4.8528100e-001
  4.8528100e-001
  4.8528100e-001
  4.8528100e-001
  4.8528100e-001
  4.8528100e-001
  4.8528100e-001
  4.8528100e-001
  4.8528100e-001
  4.8528100e-001
  4.8528100e-001
  4.8625300e-001
  4.8625300e-001
  4.8686600e-001
  4.8686600e-001
  4.8737300e-001
  4.8737300e-001
  4.8798600e-001
  4.8798600e-001
  4.8798600e-001
  4.8798600e-001
  4.8798600e-001
  4.8798600e-001
  4.8859900e-001
  4.8859900e-001
  4.8921200e-001
  4.8921200e-001
  4.8921200e-001
  4.8921200e-001
  4.9069100e-001
  4.9069100e-001
  4.9069100e-001
  4.9069100e-001
  4.9069100e-001
  4.9069100e-001
  4.9069100e-001
  4.9069100e-001
  4.9155700e-001
  4.9155700e-001
  4.9155700e-001
  4.9155700e-001
  4.9155700e-001
  4.9155700e-001
  4.9217000e-001
  4.9217000e-001
  4.9242400e-001
  4.9242400e-001
  4.9242400e-001
  4.9242400e-001
  4.9242400e-001
  4.9242400e-001
  4.9242400e-001
  4.9242400e-001
  4.9242400e-001
  4.9242400e-001
  4.9242400e-001
  4.9242400e-001
  4.9303700e-001
  4.9303700e-001
  4.9339600e-001
  4.9339600e-001
  4.9512900e-001
  4.9512900e-001
  4.9574200e-001
  4.9574200e-001
  4.9574200e-001
  4.9574200e-001
  4.9574200e-001
  4.9574200e-001
  4.9696700e-001
  4.9696700e-001
  4.9747500e-001
  4.9747500e-001
  4.9747500e-001
  4.9747500e-001
  4.9747500e-001
  4.9747500e-001
  4.9747500e-001
  4.9747500e-001
  4.9747500e-001
  4.9747500e-001
  4.9747500e-001
  4.9747500e-001
  4.9808700e-001
  4.9808700e-001
  4.9819300e-001
  4.9819300e-001
  4.9956700e-001
  4.9956700e-001
  4.9956700e-001
  4.9956700e-001
  4.9956700e-001
  4.9956700e-001
  4.9956700e-001
  4.9956700e-001
  4.9956700e-001
  4.9956700e-001
  4.9992600e-001
  4.9992600e-001
  4.9992600e-001
  4.9992600e-001
  5.0079200e-001
  5.0079200e-001
  5.0165900e-001
  5.0165900e-001
  5.0165900e-001
  5.0165900e-001
  5.0227200e-001
  5.0227200e-001
  5.0227200e-001
  5.0227200e-001
  5.0227200e-001
  5.0227200e-001
  5.0227200e-001
  5.0227200e-001
  5.0313800e-001
  5.0313800e-001
  5.0313800e-001
  5.0313800e-001
  5.0313800e-001
  5.0313800e-001
  5.0436400e-001
  5.0436400e-001
  5.0523000e-001
  5.0523000e-001
  5.0584300e-001
  5.0584300e-001
  5.0584300e-001
  5.0584300e-001
  5.0584300e-001
  5.0584300e-001
  5.0584300e-001
  5.0584300e-001
  5.0584300e-001
  5.0584300e-001
  5.0609700e-001
  5.0609700e-001
  5.0609700e-001
  5.0609700e-001
  5.0768100e-001
  5.0768100e-001
  5.0793500e-001
  5.0793500e-001
  5.0818900e-001
  5.0818900e-001
  5.1028100e-001
  5.1028100e-001
  5.1038600e-001
  5.1038600e-001
  5.1125200e-001
  5.1125200e-001
  5.1125200e-001
  5.1125200e-001
  5.1176000e-001
  5.1176000e-001
  5.1176000e-001
  5.1176000e-001
  5.1176000e-001
  5.1176000e-001
  5.1298600e-001
  5.1298600e-001
  5.1298600e-001
  5.1298600e-001
  5.1298600e-001
  5.1298600e-001
  5.1385200e-001
  5.1385200e-001
  5.1385200e-001
  5.1385200e-001
  5.1385200e-001
  5.1385200e-001
  5.1482400e-001
  5.1482400e-001
  5.1655700e-001
  5.1655700e-001
  5.1717000e-001
  5.1717000e-001
  5.1742300e-001
  5.1742300e-001
  5.1839500e-001
  5.1839500e-001
  5.1926200e-001
  5.1926200e-001
  5.1926200e-001
  5.1926200e-001
  5.1951500e-001
  5.1951500e-001
  5.2038200e-001
  5.2038200e-001
  5.2099500e-001
  5.2099500e-001
  5.2099500e-001
  5.2099500e-001
  5.2099500e-001
  5.2099500e-001
  5.2099500e-001
  5.2099500e-001
  5.2099500e-001
  5.2099500e-001
  5.2099500e-001
  5.2099500e-001
  5.2099500e-001
  5.2099500e-001
  5.2099500e-001
  5.2099500e-001
  5.2099500e-001
  5.2099500e-001
  5.2099500e-001
  5.2099500e-001
  5.2099500e-001
  5.2099500e-001
  5.2099500e-001
  5.2099500e-001
  5.2222000e-001
  5.2222000e-001
  5.2308700e-001
  5.2308700e-001
  5.2308700e-001
  5.2308700e-001
  5.2492500e-001
  5.2492500e-001
  5.2543300e-001
  5.2543300e-001
  5.2543300e-001
  5.2543300e-001
  5.2604500e-001
  5.2604500e-001
  5.2604500e-001
  5.2604500e-001
  5.2604500e-001
  5.2604500e-001
  5.2676300e-001
  5.2676300e-001
  5.2752500e-001
  5.2752500e-001
  5.2900400e-001
  5.2900400e-001
  5.2900400e-001
  5.2900400e-001
  5.2910900e-001
  5.2910900e-001
  5.2910900e-001
  5.2910900e-001
  5.2936300e-001
  5.2936300e-001
  5.2961700e-001
  5.2961700e-001
  5.3022900e-001
  5.3022900e-001
  5.3048300e-001
  5.3048300e-001
  5.3170900e-001
  5.3170900e-001
  5.3232200e-001
  5.3232200e-001
  5.3232200e-001
  5.3232200e-001
  5.3257500e-001
  5.3257500e-001
  5.3257500e-001
  5.3257500e-001
  5.3257500e-001
  5.3257500e-001
  5.3405500e-001
  5.3405500e-001
  5.3441400e-001
  5.3441400e-001
  5.3441400e-001
  5.3441400e-001
  5.3441400e-001
  5.3441400e-001
  5.3466700e-001
  5.3466700e-001
  5.3686500e-001
  5.3686500e-001
  5.3737200e-001
  5.3737200e-001
  5.3762600e-001
  5.3762600e-001
  5.3762600e-001
  5.3762600e-001
  5.3762600e-001
  5.3762600e-001
  5.3798500e-001
  5.3798500e-001
  5.3910500e-001
  5.3910500e-001
  5.3946400e-001
  5.3946400e-001
  5.3946400e-001
  5.3946400e-001
  5.3971800e-001
  5.3971800e-001
  5.3971800e-001
  5.3971800e-001
  5.4119700e-001
  5.4119700e-001
  5.4119700e-001
  5.4119700e-001
  5.4181000e-001
  5.4181000e-001
  5.4267700e-001
  5.4267700e-001
  5.4390200e-001
  5.4390200e-001
  5.4451500e-001
  5.4451500e-001
  5.4512800e-001
  5.4512800e-001
  5.4538100e-001
  5.4538100e-001
  5.4538100e-001
  5.4538100e-001
  5.4574000e-001
  5.4574000e-001
  5.4624800e-001
  5.4624800e-001
  5.4624800e-001
  5.4624800e-001
  5.4624800e-001
  5.4624800e-001
  5.4624800e-001
  5.4624800e-001
  5.4624800e-001
  5.4624800e-001
  5.4660700e-001
  5.4660700e-001
  5.4696600e-001
  5.4696600e-001
  5.4869900e-001
  5.4869900e-001
  5.4869900e-001
  5.4869900e-001
  5.4869900e-001
  5.4869900e-001
  5.4981900e-001
  5.4981900e-001
  5.4992400e-001
  5.4992400e-001
  5.5043200e-001
  5.5043200e-001
  5.5043200e-001
  5.5043200e-001
  5.5043200e-001
  5.5043200e-001
  5.5043200e-001
  5.5043200e-001
  5.5053700e-001
  5.5053700e-001
  5.5129900e-001
  5.5129900e-001
  5.5129900e-001
  5.5129900e-001
  5.5129900e-001
  5.5129900e-001
  5.5129900e-001
  5.5129900e-001
  5.5129900e-001
  5.5129900e-001
  5.5129900e-001
  5.5129900e-001
  5.5129900e-001
  5.5129900e-001
  5.5129900e-001
  5.5129900e-001
  5.5129900e-001
  5.5129900e-001
  5.5165700e-001
  5.5165700e-001
  5.5252400e-001
  5.5252400e-001
  5.5436200e-001
  5.5436200e-001
  5.5584200e-001
  5.5584200e-001
  5.5609500e-001
  5.5609500e-001
  5.5634900e-001
  5.5634900e-001
  5.5634900e-001
  5.5634900e-001
  5.5634900e-001
  5.5634900e-001
  5.5634900e-001
  5.5634900e-001
  5.5634900e-001
  5.5634900e-001
  5.5634900e-001
  5.5634900e-001
  5.5670800e-001
  5.5670800e-001
  5.5670800e-001
  5.5670800e-001
  5.5696200e-001
  5.5696200e-001
  5.5966700e-001
  5.5966700e-001
  5.5992100e-001
  5.5992100e-001
  5.6027900e-001
  5.6027900e-001
  5.6053300e-001
  5.6053300e-001
  5.6114600e-001
  5.6114600e-001
  5.6211800e-001
  5.6211800e-001
  5.6262500e-001
  5.6262500e-001
  5.6298400e-001
  5.6298400e-001
  5.6298400e-001
  5.6298400e-001
  5.6349200e-001
  5.6349200e-001
  5.6349200e-001
  5.6349200e-001
  5.6349200e-001
  5.6349200e-001
  5.6410500e-001
  5.6410500e-001
  5.6410500e-001
  5.6410500e-001
  5.6558400e-001
  5.6558400e-001
  5.6558400e-001
  5.6558400e-001
  5.6558400e-001
  5.6558400e-001
  5.6594300e-001
  5.6594300e-001
  5.6742200e-001
  5.6742200e-001
  5.6767600e-001
  5.6767600e-001
  5.6767600e-001
  5.6767600e-001
  5.6767600e-001
  5.6767600e-001
  5.6803500e-001
  5.6803500e-001
  5.6839400e-001
  5.6839400e-001
  5.6854200e-001
  5.6854200e-001
  5.6854200e-001
  5.6854200e-001
  5.6890100e-001
  5.6890100e-001
  5.6976800e-001
  5.6976800e-001
  5.6976800e-001
  5.6976800e-001
  5.6976800e-001
  5.6976800e-001
  5.7099300e-001
  5.7099300e-001
  5.7099300e-001
  5.7099300e-001
  5.7186000e-001
  5.7186000e-001
  5.7186000e-001
  5.7186000e-001
  5.7211400e-001
  5.7211400e-001
  5.7221900e-001
  5.7221900e-001
  5.7272700e-001
  5.7272700e-001
  5.7272700e-001
  5.7272700e-001
  5.7272700e-001
  5.7272700e-001
  5.7333900e-001
  5.7333900e-001
  5.7369800e-001
  5.7369800e-001
  5.7395200e-001
  5.7395200e-001
  5.7420600e-001
  5.7420600e-001
  5.7456500e-001
  5.7456500e-001
  5.7456500e-001
  5.7456500e-001
  5.7568500e-001
  5.7568500e-001
  5.7604400e-001
  5.7604400e-001
  5.7727000e-001
  5.7727000e-001
  5.7727000e-001
  5.7727000e-001
  5.7727000e-001
  5.7727000e-001
  5.7727000e-001
  5.7727000e-001
  5.7727000e-001
  5.7727000e-001
  5.7727000e-001
  5.7727000e-001
  5.7727000e-001
  5.7727000e-001
  5.7727000e-001
  5.7727000e-001
  5.7727000e-001
  5.7727000e-001
  5.7727000e-001
  5.7727000e-001
  5.7813600e-001
  5.7813600e-001
  5.7813600e-001
  5.7813600e-001
  5.7813600e-001
  5.7813600e-001
  5.7813600e-001
  5.7813600e-001
  5.7813600e-001
  5.7813600e-001
  5.7813600e-001
  5.7813600e-001
  5.7900300e-001
  5.7900300e-001
  5.7900300e-001
  5.7900300e-001
  5.7900300e-001
  5.7900300e-001
  5.7925700e-001
  5.7925700e-001
  5.8073600e-001
  5.8073600e-001
  5.8073600e-001
  5.8073600e-001
  5.8073600e-001
  5.8073600e-001
  5.8073600e-001
  5.8073600e-001
  5.8073600e-001
  5.8073600e-001
  5.8073600e-001
  5.8073600e-001
  5.8073600e-001
  5.8073600e-001
  5.8073600e-001
  5.8073600e-001
  5.8073600e-001
  5.8073600e-001
  5.8073600e-001
  5.8073600e-001
  5.8073600e-001
  5.8073600e-001
  5.8073600e-001
  5.8073600e-001
  5.8073600e-001
  5.8073600e-001
  5.8073600e-001
  5.8073600e-001
  5.8073600e-001
  5.8073600e-001
  5.8073600e-001
  5.8073600e-001
  5.8073600e-001
  5.8073600e-001
  5.8073600e-001
  5.8073600e-001
  5.8232000e-001
  5.8232000e-001
  5.8232000e-001
  5.8232000e-001
  5.8232000e-001
  5.8232000e-001
  5.8282800e-001
  5.8282800e-001
  5.8282800e-001
  5.8282800e-001
  5.8430700e-001
  5.8430700e-001
  5.8430700e-001
  5.8430700e-001
  5.8430700e-001
  5.8430700e-001
  5.8441200e-001
  5.8441200e-001
  5.8527900e-001
  5.8527900e-001
  5.8701200e-001
  5.8701200e-001
  5.8701200e-001
  5.8701200e-001
  5.8701200e-001
  5.8701200e-001
  5.8701200e-001
  5.8701200e-001
  5.8823700e-001
  5.8823700e-001
  5.8935800e-001
  5.8935800e-001
  5.8971700e-001
  5.8971700e-001
  5.9145000e-001
  5.9145000e-001
  5.9145000e-001
  5.9145000e-001
  5.9292900e-001
  5.9292900e-001
  5.9292900e-001
  5.9292900e-001
  5.9292900e-001
  5.9292900e-001
  5.9292900e-001
  5.9292900e-001
  5.9354200e-001
  5.9354200e-001
  5.9415500e-001
  5.9415500e-001
  5.9415500e-001
  5.9415500e-001
  5.9415500e-001
  5.9415500e-001
  5.9415500e-001
  5.9415500e-001
  5.9650000e-001
  5.9650000e-001
  5.9711300e-001
  5.9711300e-001
  5.9711300e-001
  5.9711300e-001
  5.9747200e-001
  5.9747200e-001
  5.9798000e-001
  5.9798000e-001
  5.9798000e-001
  5.9798000e-001
  5.9798000e-001
  5.9798000e-001
  5.9869800e-001
  5.9869800e-001
  6.0191000e-001
  6.0191000e-001
  6.0216400e-001
  6.0216400e-001
  6.0216400e-001
  6.0216400e-001
  6.0226900e-001
  6.0226900e-001
  6.0277700e-001
  6.0277700e-001
  6.0338900e-001
  6.0338900e-001
  6.0364300e-001
  6.0364300e-001
  6.0634800e-001
  6.0634800e-001
  6.0660200e-001
  6.0660200e-001
  6.0660200e-001
  6.0660200e-001
  6.0782700e-001
  6.0782700e-001
  6.0782700e-001
  6.0782700e-001
  6.0782700e-001
  6.0782700e-001
  6.0930700e-001
  6.0930700e-001
  6.0930700e-001
  6.0930700e-001
  6.0930700e-001
  6.0930700e-001
  6.0930700e-001
  6.0930700e-001
  6.1078600e-001
  6.1078600e-001
  6.1089100e-001
  6.1089100e-001
  6.1139900e-001
  6.1139900e-001
  6.1201100e-001
  6.1201100e-001
  6.1226500e-001
  6.1226500e-001
  6.1226500e-001
  6.1226500e-001
  6.1226500e-001
  6.1226500e-001
  6.1262400e-001
  6.1262400e-001
  6.1262400e-001
  6.1262400e-001
  6.1262400e-001
  6.1262400e-001
  6.1287800e-001
  6.1287800e-001
  6.1287800e-001
  6.1287800e-001
  6.1349100e-001
  6.1349100e-001
  6.1410300e-001
  6.1410300e-001
  6.1583600e-001
  6.1583600e-001
  6.1644900e-001
  6.1644900e-001
  6.1644900e-001
  6.1644900e-001
  6.1644900e-001
  6.1644900e-001
  6.1655400e-001
  6.1655400e-001
  6.1731600e-001
  6.1731600e-001
  6.1731600e-001
  6.1731600e-001
  6.1915400e-001
  6.1915400e-001
  6.1915400e-001
  6.1915400e-001
  6.1940800e-001
  6.1940800e-001
  6.1940800e-001
  6.1940800e-001
  6.1940800e-001
  6.1940800e-001
  6.2037900e-001
  6.2037900e-001
  6.2063300e-001
  6.2063300e-001
  6.2088700e-001
  6.2088700e-001
  6.2211300e-001
  6.2211300e-001
  6.2236600e-001
  6.2236600e-001
  6.2236600e-001
  6.2236600e-001
  6.2272500e-001
  6.2272500e-001
  6.2272500e-001
  6.2272500e-001
  6.2359200e-001
  6.2359200e-001
  6.2359200e-001
  6.2359200e-001
  6.2359200e-001
  6.2359200e-001
  6.2359200e-001
  6.2359200e-001
  6.2359200e-001
  6.2359200e-001
  6.2507100e-001
  6.2507100e-001
  6.2568400e-001
  6.2568400e-001
  6.2593800e-001
  6.2593800e-001
  6.2777600e-001
  6.2777600e-001
  6.2803000e-001
  6.2803000e-001
  6.2803000e-001
  6.2803000e-001
  6.2925500e-001
  6.2925500e-001
  6.3022700e-001
  6.3022700e-001
  6.3073500e-001
  6.3073500e-001
  6.3282700e-001
  6.3282700e-001
  6.3282700e-001
  6.3282700e-001
  6.3369300e-001
  6.3369300e-001
  6.3369300e-001
  6.3369300e-001
  6.3456000e-001
  6.3456000e-001
  6.3456000e-001
  6.3456000e-001
  6.3578500e-001
  6.3578500e-001
  6.3639800e-001
  6.3639800e-001
  6.3726400e-001
  6.3726400e-001
  6.3787700e-001
  6.3787700e-001
  6.3787700e-001
  6.3787700e-001
  6.3787700e-001
  6.3787700e-001
  6.3787700e-001
  6.3787700e-001
  6.3787700e-001
  6.3787700e-001
  6.3935600e-001
  6.3935600e-001
  6.3961000e-001
  6.3961000e-001
  6.3961000e-001
  6.3961000e-001
  6.3961000e-001
  6.3961000e-001
  6.3961000e-001
  6.3961000e-001
  6.3961000e-001
  6.3961000e-001
  6.3961000e-001
  6.3961000e-001
  6.3961000e-001
  6.3961000e-001
  6.3961000e-001
  6.3961000e-001
  6.3961000e-001
  6.3961000e-001
  6.3961000e-001
  6.3961000e-001
  6.3961000e-001
  6.3961000e-001
  6.3961000e-001
  6.3961000e-001
  6.3961000e-001
  6.3961000e-001
  6.3961000e-001
  6.3961000e-001
  6.3961000e-001
  6.3961000e-001
  6.3961000e-001
  6.3961000e-001
  6.3961000e-001
  6.3961000e-001
  6.3961000e-001
  6.3961000e-001
  6.3961000e-001
  6.3961000e-001
  6.3961000e-001
  6.3961000e-001
  6.4022300e-001
  6.4022300e-001
  6.4170200e-001
  6.4170200e-001
  6.4170200e-001
  6.4170200e-001
  6.4170200e-001
  6.4170200e-001
  6.4170200e-001
  6.4170200e-001
  6.4242000e-001
  6.4242000e-001
  6.4379400e-001
  6.4379400e-001
  6.4379400e-001
  6.4379400e-001
  6.4415300e-001
  6.4415300e-001
  6.4527400e-001
  6.4527400e-001
  6.4527400e-001
  6.4527400e-001
  6.4588600e-001
  6.4588600e-001
  6.4588600e-001
  6.4588600e-001
  6.4624500e-001
  6.4624500e-001
  6.4747100e-001
  6.4747100e-001
  6.4772500e-001
  6.4772500e-001
  6.4797800e-001
  6.4797800e-001
  6.4797800e-001
  6.4797800e-001
  6.4823200e-001
  6.4823200e-001
  6.4823200e-001
  6.4823200e-001
  6.4823200e-001
  6.4823200e-001
  6.4823200e-001
  6.4823200e-001
  6.4884500e-001
  6.4884500e-001
  6.5032400e-001
  6.5032400e-001
  6.5032400e-001
  6.5032400e-001
  6.5032400e-001
  6.5032400e-001
  6.5042900e-001
  6.5042900e-001
  6.5104200e-001
  6.5104200e-001
  6.5302900e-001
  6.5302900e-001
  6.5302900e-001
  6.5302900e-001
  6.5302900e-001
  6.5302900e-001
  6.5302900e-001
  6.5302900e-001
  6.5302900e-001
  6.5302900e-001
  6.5302900e-001
  6.5302900e-001
  6.5302900e-001
  6.5302900e-001
  6.5302900e-001
  6.5302900e-001
  6.5302900e-001
  6.5302900e-001
  6.5302900e-001
  6.5302900e-001
  6.5425500e-001
  6.5425500e-001
  6.5598800e-001
  6.5598800e-001
  6.5598800e-001
  6.5598800e-001
  6.5808000e-001
  6.5808000e-001
  6.5843900e-001
  6.5843900e-001
  6.6042600e-001
  6.6042600e-001
  6.6042600e-001
  6.6042600e-001
  6.6078500e-001
  6.6078500e-001
  6.6139700e-001
  6.6139700e-001
  6.6165100e-001
  6.6165100e-001
  6.6287700e-001
  6.6287700e-001
  6.6348900e-001
  6.6348900e-001
  6.6583500e-001
  6.6583500e-001
  6.6608900e-001
  6.6608900e-001
  6.6644800e-001
  6.6644800e-001
  6.6644800e-001
  6.6644800e-001
  6.6756800e-001
  6.6756800e-001
  6.6818100e-001
  6.6818100e-001
  6.6818100e-001
  6.6818100e-001
  6.6818100e-001
  6.6818100e-001
  6.6818100e-001
  6.6818100e-001
  6.6818100e-001
  6.6818100e-001
  6.6818100e-001
  6.6818100e-001
  6.6818100e-001
  6.6818100e-001
  6.6818100e-001
  6.6818100e-001
  6.6818100e-001
  6.6818100e-001
  6.6818100e-001
  6.6818100e-001
  6.6818100e-001
  6.6818100e-001
  6.6818100e-001
  6.6818100e-001
  6.6904800e-001
  6.6904800e-001
  6.6966000e-001
  6.6966000e-001
  6.7088600e-001
  6.7088600e-001
  6.7088600e-001
  6.7088600e-001
  6.7261900e-001
  6.7261900e-001
  6.7261900e-001
  6.7261900e-001
  6.7568300e-001
  6.7568300e-001
  6.7568300e-001
  6.7568300e-001
  6.7568300e-001
  6.7568300e-001
  6.7619000e-001
  6.7619000e-001
  6.7619000e-001
  6.7619000e-001
  6.7619000e-001
  6.7619000e-001
  6.7619000e-001
  6.7619000e-001
  6.7619000e-001
  6.7619000e-001
  6.7767000e-001
  6.7767000e-001
  6.7828200e-001
  6.7828200e-001
  6.7828200e-001
  6.7828200e-001
  6.7828200e-001
  6.7828200e-001
  6.7828200e-001
  6.7828200e-001
  6.7828200e-001
  6.7828200e-001
  6.7828200e-001
  6.7828200e-001
  6.7828200e-001
  6.7828200e-001
  6.7828200e-001
  6.7828200e-001
  6.7828200e-001
  6.7828200e-001
  6.7828200e-001
  6.7828200e-001
  6.7828200e-001
  6.7828200e-001
  6.7828200e-001
  6.7828200e-001
  6.7828200e-001
  6.7828200e-001
  6.7828200e-001
  6.7828200e-001
  6.7900000e-001
  6.7900000e-001
  6.8073300e-001
  6.8073300e-001
  6.8124100e-001
  6.8124100e-001
  6.8124100e-001
  6.8124100e-001
  6.8160000e-001
  6.8160000e-001
  6.8195900e-001
  6.8195900e-001
  6.8333300e-001
  6.8333300e-001
  6.8333300e-001
  6.8333300e-001
  6.8333300e-001
  6.8333300e-001
  6.8333300e-001
  6.8333300e-001
  6.8333300e-001
  6.8333300e-001
  6.8333300e-001
  6.8333300e-001
  6.8333300e-001
  6.8333300e-001
  6.8333300e-001
  6.8333300e-001
  6.8333300e-001
  6.8333300e-001
  6.8333300e-001
  6.8333300e-001
  6.8333300e-001
  6.8333300e-001
  6.8333300e-001
  6.8333300e-001
  6.8333300e-001
  6.8333300e-001
  6.8333300e-001
  6.8333300e-001
  6.8333300e-001
  6.8333300e-001
  6.8333300e-001
  6.8333300e-001
  6.8333300e-001
  6.8333300e-001
  6.8333300e-001
  6.8333300e-001
  6.8333300e-001
  6.8333300e-001
  6.8333300e-001
  6.8333300e-001
  6.8430500e-001
  6.8430500e-001
  6.8481200e-001
  6.8481200e-001
  6.8481200e-001
  6.8481200e-001
  6.8491700e-001
  6.8491700e-001
  6.8578400e-001
  6.8578400e-001
  6.8603800e-001
  6.8603800e-001
  6.8603800e-001
  6.8603800e-001
  6.8603800e-001
  6.8603800e-001
  6.8603800e-001
  6.8603800e-001
  6.8690400e-001
  6.8690400e-001
  6.8690400e-001
  6.8690400e-001
  6.8690400e-001
  6.8690400e-001
  6.8690400e-001
  6.8690400e-001
  6.8838400e-001
  6.8838400e-001
  6.8838400e-001
  6.8838400e-001
  6.8838400e-001
  6.8838400e-001
  6.8838400e-001
  6.8838400e-001
  6.8838400e-001
  6.8838400e-001
  6.8838400e-001
  6.8838400e-001
  6.8960900e-001
  6.8960900e-001
  6.9022200e-001
  6.9022200e-001
  6.9058100e-001
  6.9058100e-001
  6.9343400e-001
  6.9343400e-001
  6.9343400e-001
  6.9343400e-001
  6.9343400e-001
  6.9343400e-001
  6.9343400e-001
  6.9343400e-001
  6.9343400e-001
  6.9343400e-001
  6.9343400e-001
  6.9343400e-001
  6.9343400e-001
  6.9343400e-001
  6.9379300e-001
  6.9379300e-001
  6.9404700e-001
  6.9404700e-001
  6.9552600e-001
  6.9552600e-001
  6.9552600e-001
  6.9552600e-001
  6.9675200e-001
  6.9675200e-001
  6.9675200e-001
  6.9675200e-001
  6.9675200e-001
  6.9675200e-001
  6.9761800e-001
  6.9761800e-001
  6.9761800e-001
  6.9761800e-001
  6.9761800e-001
  6.9761800e-001
  6.9761800e-001
  6.9761800e-001
  6.9761800e-001
  6.9761800e-001
  6.9761800e-001
  6.9761800e-001
  6.9797700e-001
  6.9797700e-001
  6.9848500e-001
  6.9848500e-001
  6.9848500e-001
  6.9848500e-001
  6.9848500e-001
  6.9848500e-001
  6.9848500e-001
  6.9848500e-001
  6.9848500e-001
  6.9848500e-001
  6.9848500e-001
  6.9848500e-001
  6.9848500e-001
  6.9848500e-001
  6.9848500e-001
  6.9848500e-001
  6.9848500e-001
  6.9848500e-001
  6.9848500e-001
  6.9848500e-001
  6.9848500e-001
  6.9848500e-001
  6.9848500e-001
  6.9848500e-001
  6.9848500e-001
  6.9848500e-001
  6.9848500e-001
  6.9848500e-001
  6.9848500e-001
  6.9848500e-001
  6.9848500e-001
  6.9848500e-001
  6.9848500e-001
  6.9848500e-001
  6.9848500e-001
  6.9848500e-001
  6.9848500e-001
  6.9848500e-001
  6.9848500e-001
  6.9848500e-001
  6.9848500e-001
  6.9848500e-001
  6.9848500e-001
  6.9848500e-001
  6.9848500e-001
  6.9848500e-001
  6.9848500e-001
  6.9848500e-001
  6.9848500e-001
  6.9848500e-001
  6.9848500e-001
  6.9848500e-001
  6.9848500e-001
  6.9848500e-001
  6.9971000e-001
  6.9971000e-001
  6.9971000e-001
  6.9971000e-001
  7.0119000e-001
  7.0119000e-001
  7.0180200e-001
  7.0180200e-001
  7.0180200e-001
  7.0180200e-001
  7.0205600e-001
  7.0205600e-001
  7.0216100e-001
  7.0216100e-001
  7.0266900e-001
  7.0266900e-001
  7.0266900e-001
  7.0266900e-001
  7.0266900e-001
  7.0266900e-001
  7.0389400e-001
  7.0389400e-001
  7.0389400e-001
  7.0389400e-001
  7.0537400e-001
  7.0537400e-001
  7.0562700e-001
  7.0562700e-001
  7.0562700e-001
  7.0562700e-001
  7.0710700e-001
  7.0772000e-001
  7.0772000e-001
  7.0772000e-001
  7.0772000e-001
  7.0772000e-001
  7.0772000e-001
  7.0833200e-001
  7.0833200e-001
  7.0833200e-001
  7.0833200e-001
  7.0833200e-001
  7.0833200e-001
  7.0919900e-001
  7.0919900e-001
  7.0930400e-001
  7.0930400e-001
  7.0981200e-001
  7.0981200e-001
  7.1312900e-001
  7.1312900e-001
  7.1399600e-001
  7.1399600e-001
  7.1435500e-001
  7.1435500e-001
  7.1435500e-001
  7.1435500e-001
  7.1634100e-001
  7.1634100e-001
  7.1695400e-001
  7.1695400e-001
  7.1695400e-001
  7.1695400e-001
  7.1695400e-001
  7.1695400e-001
  7.1782100e-001
  7.1782100e-001
  7.1782100e-001
  7.1782100e-001
  7.1782100e-001
  7.1782100e-001
  7.1782100e-001
  7.1782100e-001
  7.1782100e-001
  7.1782100e-001
  7.1782100e-001
  7.1782100e-001
  7.1782100e-001
  7.1782100e-001
  7.1782100e-001
  7.1782100e-001
  7.1843400e-001
  7.1843400e-001
  7.1853900e-001
  7.1853900e-001
  7.1904600e-001
  7.1904600e-001
  7.1904600e-001
  7.1904600e-001
  7.1904600e-001
  7.1904600e-001
  7.1904600e-001
  7.1904600e-001
  7.1904600e-001
  7.1904600e-001
  7.1930000e-001
  7.1930000e-001
  7.2052600e-001
  7.2052600e-001
  7.2200500e-001
  7.2200500e-001
  7.2200500e-001
  7.2200500e-001
  7.2200500e-001
  7.2200500e-001
  7.2297700e-001
  7.2297700e-001
  7.2348400e-001
  7.2348400e-001
  7.2348400e-001
  7.2348400e-001
  7.2409700e-001
  7.2409700e-001
  7.2445600e-001
  7.2445600e-001
  7.2644300e-001
  7.2644300e-001
  7.2644300e-001
  7.2644300e-001
  7.2705600e-001
  7.2705600e-001
  7.2705600e-001
  7.2705600e-001
  7.2705600e-001
  7.2705600e-001
  7.2705600e-001
  7.2705600e-001
  7.2792200e-001
  7.2792200e-001
  7.3037300e-001
  7.3037300e-001
  7.3124000e-001
  7.3124000e-001
  7.3124000e-001
  7.3124000e-001
  7.3149300e-001
  7.3149300e-001
  7.3149300e-001
  7.3149300e-001
  7.3149300e-001
  7.3149300e-001
  7.3210600e-001
  7.3210600e-001
  7.3210600e-001
  7.3210600e-001
  7.3246500e-001
  7.3246500e-001
  7.3246500e-001
  7.3246500e-001
  7.3307800e-001
  7.3307800e-001
  7.3333200e-001
  7.3333200e-001
  7.3333200e-001
  7.3333200e-001
  7.3358500e-001
  7.3358500e-001
  7.3455700e-001
  7.3455700e-001
  7.3481100e-001
  7.3481100e-001
  7.3506500e-001
  7.3506500e-001
  7.3506500e-001
  7.3506500e-001
  7.3506500e-001
  7.3506500e-001
  7.3506500e-001
  7.3506500e-001
  7.3787500e-001
  7.3787500e-001
  7.3874100e-001
  7.3874100e-001
  7.4047400e-001
  7.4047400e-001
  7.4047400e-001
  7.4047400e-001
  7.4317900e-001
  7.4317900e-001
  7.4343300e-001
  7.4343300e-001
  7.4368700e-001
  7.4368700e-001
  7.4368700e-001
  7.4368700e-001
  7.4440500e-001
  7.4440500e-001
  7.4700400e-001
  7.4700400e-001
  7.4823000e-001
  7.4823000e-001
  7.4848400e-001
  7.4848400e-001
  7.4848400e-001
  7.4848400e-001
  7.4848400e-001
  7.4848400e-001
  7.4848400e-001
  7.4848400e-001
  7.4848400e-001
  7.4848400e-001
  7.4884200e-001
  7.4884200e-001
  7.4935000e-001
  7.4935000e-001
  7.4935000e-001
  7.4935000e-001
  7.4935000e-001
  7.4935000e-001
  7.4935000e-001
  7.4935000e-001
  7.4935000e-001
  7.4935000e-001
  7.4935000e-001
  7.4935000e-001
  7.4970900e-001
  7.4970900e-001
  7.5205500e-001
  7.5205500e-001
  7.5230900e-001
  7.5230900e-001
  7.5230900e-001
  7.5230900e-001
  7.5230900e-001
  7.5230900e-001
  7.5302700e-001
  7.5302700e-001
  7.5389300e-001
  7.5389300e-001
  7.5440100e-001
  7.5440100e-001
  7.5440100e-001
  7.5440100e-001
  7.5476000e-001
  7.5476000e-001
  7.5476000e-001
  7.5476000e-001
  7.5476000e-001
  7.5476000e-001
  7.5476000e-001
  7.5476000e-001
  7.5476000e-001
  7.5476000e-001
  7.5476000e-001
  7.5476000e-001
  7.5562600e-001
  7.5562600e-001
  7.5562600e-001
  7.5562600e-001
  7.5649300e-001
  7.5649300e-001
  7.5649300e-001
  7.5649300e-001
  7.5649300e-001
  7.5649300e-001
  7.5649300e-001
  7.5649300e-001
  7.5649300e-001
  7.5649300e-001
  7.5649300e-001
  7.5649300e-001
  7.5710600e-001
  7.5710600e-001
  7.5894400e-001
  7.5894400e-001
  7.5919800e-001
  7.5919800e-001
  7.5945100e-001
  7.5945100e-001
  7.5945100e-001
  7.5945100e-001
  7.5945100e-001
  7.5945100e-001
  7.5945100e-001
  7.5945100e-001
  7.6093100e-001
  7.6093100e-001
  7.6093100e-001
  7.6093100e-001
  7.6093100e-001
  7.6093100e-001
  7.6312800e-001
  7.6312800e-001
  7.6312800e-001
  7.6312800e-001
  7.6363500e-001
  7.6363500e-001
  7.6424800e-001
  7.6424800e-001
  7.6450200e-001
  7.6450200e-001
  7.6450200e-001
  7.6450200e-001
  7.6450200e-001
  7.6450200e-001
  7.6450200e-001
  7.6450200e-001
  7.6450200e-001
  7.6450200e-001
  7.6547400e-001
  7.6547400e-001
  7.6868600e-001
  7.6868600e-001
  7.6868600e-001
  7.6868600e-001
  7.7164500e-001
  7.7164500e-001
  7.7225700e-001
  7.7225700e-001
  7.7236300e-001
  7.7236300e-001
  7.7409600e-001
  7.7409600e-001
  7.7741300e-001
  7.7741300e-001
  7.7766700e-001
  7.7766700e-001
  7.7878700e-001
  7.7878700e-001
  7.7878700e-001
  7.7878700e-001
  7.7878700e-001
  7.7878700e-001
  7.7940000e-001
  7.7940000e-001
  7.8001300e-001
  7.8001300e-001
  7.8246400e-001
  7.8246400e-001
  7.8333000e-001
  7.8333000e-001
  7.8333000e-001
  7.8333000e-001
  7.8333000e-001
  7.8333000e-001
  7.8383800e-001
  7.8383800e-001
  7.8383800e-001
  7.8383800e-001
  7.8531700e-001
  7.8531700e-001
  7.8690200e-001
  7.8690200e-001
  7.8776800e-001
  7.8776800e-001
  7.8776800e-001
  7.8776800e-001
  7.8802200e-001
  7.8802200e-001
  7.8863500e-001
  7.8863500e-001
  7.8950100e-001
  7.8950100e-001
  7.9246000e-001
  7.9246000e-001
  7.9343200e-001
  7.9343200e-001
  7.9393900e-001
  7.9393900e-001
  7.9393900e-001
  7.9393900e-001
  7.9393900e-001
  7.9393900e-001
  7.9393900e-001
  7.9393900e-001
  7.9393900e-001
  7.9393900e-001
  7.9393900e-001
  7.9393900e-001
  7.9393900e-001
  7.9393900e-001
  7.9393900e-001
  7.9393900e-001
  7.9393900e-001
  7.9393900e-001
  7.9393900e-001
  7.9393900e-001
  7.9393900e-001
  7.9393900e-001
  7.9516500e-001
  7.9516500e-001
  7.9516500e-001
  7.9516500e-001
  7.9516500e-001
  7.9516500e-001
  7.9516500e-001
  7.9516500e-001
  7.9577700e-001
  7.9577700e-001
  7.9603100e-001
  7.9603100e-001
  7.9603100e-001
  7.9603100e-001
  7.9603100e-001
  7.9603100e-001
  7.9603100e-001
  7.9603100e-001
  7.9664400e-001
  7.9664400e-001
  7.9664400e-001
  7.9664400e-001
  7.9812300e-001
  7.9812300e-001
  7.9812300e-001
  7.9812300e-001
  7.9873600e-001
  7.9873600e-001
  7.9899000e-001
  7.9899000e-001
  7.9899000e-001
  7.9899000e-001
  7.9899000e-001
  7.9899000e-001
  7.9899000e-001
  7.9899000e-001
  8.0021500e-001
  8.0021500e-001
  8.0021500e-001
  8.0021500e-001
  8.0021500e-001
  8.0021500e-001
  8.0021500e-001
  8.0021500e-001
  8.0021500e-001
  8.0021500e-001
  8.0021500e-001
  8.0021500e-001
  8.0021500e-001
  8.0021500e-001
  8.0021500e-001
  8.0021500e-001
  8.0021500e-001
  8.0021500e-001
  8.0021500e-001
  8.0021500e-001
  8.0108200e-001
  8.0108200e-001
  8.0108200e-001
  8.0108200e-001
  8.0108200e-001
  8.0108200e-001
  8.0108200e-001
  8.0108200e-001
  8.0108200e-001
  8.0108200e-001
  8.0144100e-001
  8.0144100e-001
  8.0169500e-001
  8.0169500e-001
  8.0266600e-001
  8.0266600e-001
  8.0317400e-001
  8.0317400e-001
  8.0317400e-001
  8.0317400e-001
  8.0378700e-001
  8.0378700e-001
  8.0613300e-001
  8.0613300e-001
  8.0613300e-001
  8.0613300e-001
  8.0858400e-001
  8.0858400e-001
  8.0919600e-001
  8.0919600e-001
  8.1006300e-001
  8.1006300e-001
  8.1031700e-001
  8.1031700e-001
  8.1031700e-001
  8.1031700e-001
  8.1031700e-001
  8.1031700e-001
  8.1067600e-001
  8.1067600e-001
  8.1179600e-001
  8.1179600e-001
  8.1179600e-001
  8.1179600e-001
  8.1240900e-001
  8.1240900e-001
  8.1327500e-001
  8.1327500e-001
  8.1327500e-001
  8.1327500e-001
  8.1338000e-001
  8.1338000e-001
  8.1338000e-001
  8.1338000e-001
  8.1450100e-001
  8.1450100e-001
  8.1450100e-001
  8.1450100e-001
  8.1450100e-001
  8.1450100e-001
  8.1536700e-001
  8.1536700e-001
  8.1536700e-001
  8.1536700e-001
  8.1536700e-001
  8.1536700e-001
  8.1536700e-001
  8.1536700e-001
  8.1536700e-001
  8.1536700e-001
  8.1536700e-001
  8.1536700e-001
  8.1536700e-001
  8.1536700e-001
  8.1536700e-001
  8.1536700e-001
  8.1536700e-001
  8.1536700e-001
  8.1536700e-001
  8.1536700e-001
  8.1536700e-001
  8.1536700e-001
  8.1536700e-001
  8.1536700e-001
  8.1745900e-001
  8.1745900e-001
  8.1745900e-001
  8.1745900e-001
  8.1807200e-001
  8.1807200e-001
  8.1893900e-001
  8.1893900e-001
  8.1893900e-001
  8.1893900e-001
  8.1980500e-001
  8.1980500e-001
  8.1980500e-001
  8.1980500e-001
  8.2077700e-001
  8.2077700e-001
  8.2225600e-001
  8.2225600e-001
  8.2251000e-001
  8.2251000e-001
  8.2286900e-001
  8.2286900e-001
  8.2312300e-001
  8.2312300e-001
  8.2337600e-001
  8.2337600e-001
  8.2337600e-001
  8.2337600e-001
  8.2337600e-001
  8.2337600e-001
  8.2337600e-001
  8.2337600e-001
  8.2373500e-001
  8.2373500e-001
  8.2373500e-001
  8.2373500e-001
  8.2398900e-001
  8.2398900e-001
  8.2546900e-001
  8.2546900e-001
  8.2546900e-001
  8.2546900e-001
  8.2582700e-001
  8.2582700e-001
  8.2608100e-001
  8.2608100e-001
  8.2965300e-001
  8.2965300e-001
  8.2965300e-001
  8.2965300e-001
  8.2965300e-001
  8.2965300e-001
  8.3123700e-001
  8.3123700e-001
  8.3199800e-001
  8.3199800e-001
  8.3383700e-001
  8.3383700e-001
  8.3383700e-001
  8.3383700e-001
  8.3409100e-001
  8.3409100e-001
  8.3409100e-001
  8.3409100e-001
  8.3557000e-001
  8.3557000e-001
  8.3557000e-001
  8.3557000e-001
  8.3557000e-001
  8.3557000e-001
  8.3557000e-001
  8.3557000e-001
  8.3557000e-001
  8.3557000e-001
  8.3557000e-001
  8.3557000e-001
  8.3557000e-001
  8.3557000e-001
  8.3557000e-001
  8.3557000e-001
  8.3679500e-001
  8.3679500e-001
  8.3838000e-001
  8.3838000e-001
  8.3863400e-001
  8.3863400e-001
  8.3924600e-001
  8.3924600e-001
  8.4062000e-001
  8.4062000e-001
  8.4062000e-001
  8.4062000e-001
  8.4062000e-001
  8.4062000e-001
  8.4062000e-001
  8.4062000e-001
  8.4062000e-001
  8.4062000e-001
  8.4062000e-001
  8.4062000e-001
  8.4097900e-001
  8.4097900e-001
  8.4123300e-001
  8.4123300e-001
  8.4133800e-001
  8.4133800e-001
  8.4184600e-001
  8.4184600e-001
  8.4184600e-001
  8.4184600e-001
  8.4271200e-001
  8.4271200e-001
  8.4271200e-001
  8.4271200e-001
  8.4307100e-001
  8.4307100e-001
  8.4307100e-001
  8.4307100e-001
  8.4307100e-001
  8.4307100e-001
  8.4393800e-001
  8.4393800e-001
  8.4419200e-001
  8.4419200e-001
  8.4419200e-001
  8.4419200e-001
  8.4689700e-001
  8.4689700e-001
  8.4689700e-001
  8.4689700e-001
  8.4924200e-001
  8.4924200e-001
  8.4924200e-001
  8.4924200e-001
  8.4924200e-001
  8.4924200e-001
  8.4924200e-001
  8.4924200e-001
  8.4924200e-001
  8.4924200e-001
  8.4924200e-001
  8.4924200e-001
  8.4924200e-001
  8.4924200e-001
  8.4924200e-001
  8.4924200e-001
  8.5082700e-001
  8.5082700e-001
  8.5082700e-001
  8.5082700e-001
  8.5108100e-001
  8.5108100e-001
  8.5108100e-001
  8.5108100e-001
  8.5317300e-001
  8.5317300e-001
  8.5317300e-001
  8.5317300e-001
  8.5378500e-001
  8.5378500e-001
  8.5465200e-001
  8.5465200e-001
  8.5490600e-001
  8.5490600e-001
  8.5490600e-001
  8.5490600e-001
  8.5490600e-001
  8.5490600e-001
  8.5490600e-001
  8.5490600e-001
  8.5490600e-001
  8.5490600e-001
  8.5649000e-001
  8.5649000e-001
  8.5649000e-001
  8.5649000e-001
  8.5822300e-001
  8.5822300e-001
  8.5822300e-001
  8.5822300e-001
  8.5847700e-001
  8.5847700e-001
  8.5847700e-001
  8.5847700e-001
  8.5944900e-001
  8.5944900e-001
  8.5995600e-001
  8.5995600e-001
  8.5995600e-001
  8.5995600e-001
  8.5995600e-001
  8.5995600e-001
  8.5995600e-001
  8.5995600e-001
  8.5995600e-001
  8.5995600e-001
  8.5995600e-001
  8.5995600e-001
  8.5995600e-001
  8.5995600e-001
  8.5995600e-001
  8.5995600e-001
  8.6154100e-001
  8.6154100e-001
  8.6179500e-001
  8.6179500e-001
  8.6204800e-001
  8.6204800e-001
  8.6352800e-001
  8.6352800e-001
  8.6352800e-001
  8.6352800e-001
  8.6363300e-001
  8.6363300e-001
  8.6536600e-001
  8.6536600e-001
  8.6536600e-001
  8.6536600e-001
  8.6659100e-001
  8.6659100e-001
  8.6709900e-001
  8.6709900e-001
  8.6709900e-001
  8.6709900e-001
  8.6709900e-001
  8.6709900e-001
  8.6857800e-001
  8.6857800e-001
  8.6868400e-001
  8.6868400e-001
  8.6919100e-001
  8.6919100e-001
  8.6919100e-001
  8.6919100e-001
  8.7005800e-001
  8.7005800e-001
  8.7067000e-001
  8.7067000e-001
  8.7067000e-001
  8.7067000e-001
  8.7164200e-001
  8.7164200e-001
  8.7189600e-001
  8.7189600e-001
  8.7250900e-001
  8.7250900e-001
  8.7250900e-001
  8.7250900e-001
  8.7337500e-001
  8.7337500e-001
  8.7337500e-001
  8.7337500e-001
  8.7337500e-001
  8.7337500e-001
  8.7337500e-001
  8.7337500e-001
  8.7337500e-001
  8.7337500e-001
  8.7337500e-001
  8.7337500e-001
  8.7337500e-001
  8.7337500e-001
  8.7362900e-001
  8.7362900e-001
  8.7362900e-001
  8.7362900e-001
  8.7398800e-001
  8.7398800e-001
  8.7398800e-001
  8.7398800e-001
  8.7424200e-001
  8.7424200e-001
  8.7424200e-001
  8.7424200e-001
  8.7424200e-001
  8.7424200e-001
  8.7424200e-001
  8.7424200e-001
  8.7424200e-001
  8.7424200e-001
  8.7424200e-001
  8.7424200e-001
  8.7424200e-001
  8.7424200e-001
  8.7424200e-001
  8.7424200e-001
  8.7424200e-001
  8.7424200e-001
  8.7424200e-001
  8.7424200e-001
  8.7424200e-001
  8.7424200e-001
  8.7424200e-001
  8.7424200e-001
  8.7424200e-001
  8.7424200e-001
  8.7424200e-001
  8.7424200e-001
  8.7424200e-001
  8.7424200e-001
  8.7424200e-001
  8.7424200e-001
  8.7424200e-001
  8.7424200e-001
  8.7424200e-001
  8.7424200e-001
  8.7424200e-001
  8.7424200e-001
  8.7424200e-001
  8.7424200e-001
  8.7424200e-001
  8.7424200e-001
  8.7424200e-001
  8.7424200e-001
  8.7424200e-001
  8.7424200e-001
  8.7424200e-001
  8.7424200e-001
  8.7424200e-001
  8.7424200e-001
  8.7424200e-001
  8.7424200e-001
  8.7424200e-001
  8.7424200e-001
  8.7424200e-001
  8.7424200e-001
  8.7608000e-001
  8.7608000e-001
  8.7633400e-001
  8.7633400e-001
  8.7633400e-001
  8.7633400e-001
  8.7633400e-001
  8.7633400e-001
  8.7633400e-001
  8.7633400e-001
  8.7781300e-001
  8.7781300e-001
  8.7842600e-001
  8.7842600e-001
  8.7842600e-001
  8.7842600e-001
  8.7878500e-001
  8.7878500e-001
  8.8051800e-001
  8.8051800e-001
  8.8051800e-001
  8.8051800e-001
  8.8077200e-001
  8.8077200e-001
  8.8087700e-001
  8.8087700e-001
  8.8138400e-001
  8.8138400e-001
  8.8138400e-001
  8.8138400e-001
  8.8138400e-001
  8.8138400e-001
  8.8138400e-001
  8.8138400e-001
  8.8138400e-001
  8.8138400e-001
  8.8138400e-001
  8.8138400e-001
  8.8495600e-001
  8.8495600e-001
  8.8495600e-001
  8.8495600e-001
  8.8556900e-001
  8.8556900e-001
  8.8679400e-001
  8.8679400e-001
  8.8679400e-001
  8.8679400e-001
  8.8704800e-001
  8.8704800e-001
  8.8888600e-001
  8.8888600e-001
  8.8914000e-001
  8.8914000e-001
  8.8939400e-001
  8.8939400e-001
  8.8939400e-001
  8.8939400e-001
  8.8939400e-001
  8.8939400e-001
  8.8939400e-001
  8.8939400e-001
  8.8939400e-001
  8.8939400e-001
  8.8939400e-001
  8.8939400e-001
  8.8939400e-001
  8.8939400e-001
  8.8939400e-001
  8.8939400e-001
  8.8939400e-001
  8.8939400e-001
  8.8939400e-001
  8.8939400e-001
  8.8939400e-001
  8.8939400e-001
  8.8949900e-001
  8.8949900e-001
  8.9061900e-001
  8.9061900e-001
  8.9097800e-001
  8.9097800e-001
  8.9123200e-001
  8.9123200e-001
  8.9245700e-001
  8.9245700e-001
  8.9307000e-001
  8.9307000e-001
  8.9393700e-001
  8.9393700e-001
  8.9393700e-001
  8.9393700e-001
  8.9419000e-001
  8.9419000e-001
  8.9419000e-001
  8.9419000e-001
  8.9664100e-001
  8.9664100e-001
  8.9924100e-001
  8.9924100e-001
  8.9924100e-001
  8.9924100e-001
  8.9924100e-001
  8.9924100e-001
  8.9949500e-001
  8.9949500e-001
  8.9949500e-001
  8.9949500e-001
  8.9949500e-001
  8.9949500e-001
  8.9949500e-001
  8.9949500e-001
  8.9949500e-001
  8.9949500e-001
  8.9949500e-001
  8.9949500e-001
  8.9949500e-001
  8.9949500e-001
  8.9960000e-001
  8.9960000e-001
  9.0010800e-001
  9.0010800e-001
  9.0107900e-001
  9.0107900e-001
  9.0107900e-001
  9.0107900e-001
  9.0158700e-001
  9.0158700e-001
  9.0158700e-001
  9.0158700e-001
  9.0194600e-001
  9.0194600e-001
  9.0281200e-001
  9.0281200e-001
  9.0281200e-001
  9.0281200e-001
  9.0281200e-001
  9.0281200e-001
  9.0281200e-001
  9.0281200e-001
  9.0306600e-001
  9.0306600e-001
  9.0429200e-001
  9.0429200e-001
  9.0577100e-001
  9.0577100e-001
  9.0663800e-001
  9.0663800e-001
  9.0663800e-001
  9.0663800e-001
  9.0663800e-001
  9.0663800e-001
  9.0663800e-001
  9.0663800e-001
  9.0663800e-001
  9.0663800e-001
  9.0663800e-001
  9.0663800e-001
  9.0735500e-001
  9.0735500e-001
  9.0786300e-001
  9.0786300e-001
  9.0822200e-001
  9.0822200e-001
  9.0873000e-001
  9.0873000e-001
  9.0873000e-001
  9.0873000e-001
  9.0934200e-001
  9.0934200e-001
  9.0970100e-001
  9.0970100e-001
  9.0995500e-001
  9.0995500e-001
  9.0995500e-001
  9.0995500e-001
  9.1082200e-001
  9.1082200e-001
  9.1082200e-001
  9.1082200e-001
  9.1082200e-001
  9.1082200e-001
  9.1118100e-001
  9.1118100e-001
  9.1204700e-001
  9.1204700e-001
  9.1291400e-001
  9.1291400e-001
  9.1291400e-001
  9.1291400e-001
  9.1413900e-001
  9.1413900e-001
  9.1439300e-001
  9.1439300e-001
  9.1439300e-001
  9.1439300e-001
  9.1439300e-001
  9.1439300e-001
  9.1439300e-001
  9.1439300e-001
  9.1439300e-001
  9.1439300e-001
  9.1536500e-001
  9.1536500e-001
  9.1648500e-001
  9.1648500e-001
  9.1796400e-001
  9.1796400e-001
  9.1893600e-001
  9.1893600e-001
  9.1980300e-001
  9.1980300e-001
  9.2128200e-001
  9.2128200e-001
  9.2240200e-001
  9.2240200e-001
  9.2240200e-001
  9.2240200e-001
  9.2388200e-001
  9.2388200e-001
  9.2388200e-001
  9.2388200e-001
  9.2388200e-001
  9.2388200e-001
  9.2388200e-001
  9.2388200e-001
  9.2424000e-001
  9.2424000e-001
  9.2424000e-001
  9.2424000e-001
  9.2424000e-001
  9.2424000e-001
  9.2449400e-001
  9.2449400e-001
  9.2449400e-001
  9.2449400e-001
  9.2449400e-001
  9.2449400e-001
  9.2459900e-001
  9.2459900e-001
  9.2510700e-001
  9.2510700e-001
  9.2633300e-001
  9.2633300e-001
  9.2719900e-001
  9.2719900e-001
  9.2867800e-001
  9.2867800e-001
  9.3015800e-001
  9.3015800e-001
  9.3051700e-001
  9.3051700e-001
  9.3138300e-001
  9.3138300e-001
  9.3225000e-001
  9.3225000e-001
  9.3225000e-001
  9.3225000e-001
  9.3225000e-001
  9.3225000e-001
  9.3225000e-001
  9.3225000e-001
  9.3225000e-001
  9.3225000e-001
  9.3225000e-001
  9.3225000e-001
  9.3250400e-001
  9.3250400e-001
  9.3260900e-001
  9.3260900e-001
  9.3322100e-001
  9.3322100e-001
  9.3408800e-001
  9.3408800e-001
  9.3459600e-001
  9.3459600e-001
  9.3459600e-001
  9.3459600e-001
  9.3495500e-001
  9.3495500e-001
  9.3495500e-001
  9.3495500e-001
  9.3939200e-001
  9.3939200e-001
  9.3939200e-001
  9.3939200e-001
  9.3939200e-001
  9.3939200e-001
  9.4025900e-001
  9.4025900e-001
  9.4025900e-001
  9.4025900e-001
  9.4036400e-001
  9.4036400e-001
  9.4112500e-001
  9.4112500e-001
  9.4112500e-001
  9.4112500e-001
  9.4112500e-001
  9.4112500e-001
  9.4112500e-001
  9.4112500e-001
  9.4112500e-001
  9.4112500e-001
  9.4112500e-001
  9.4112500e-001
  9.4112500e-001
  9.4112500e-001
  9.4235100e-001
  9.4235100e-001
  9.4271000e-001
  9.4271000e-001
  9.4321800e-001
  9.4321800e-001
  9.4321800e-001
  9.4321800e-001
  9.4469700e-001
  9.4469700e-001
  9.4469700e-001
  9.4469700e-001
  9.4469700e-001
  9.4469700e-001
  9.4469700e-001
  9.4469700e-001
  9.4469700e-001
  9.4469700e-001
  9.4469700e-001
  9.4469700e-001
  9.4566900e-001
  9.4566900e-001
  9.4592200e-001
  9.4592200e-001
  9.4653500e-001
  9.4653500e-001
  9.4740200e-001
  9.4740200e-001
  9.4740200e-001
  9.4740200e-001
  9.4740200e-001
  9.4740200e-001
  9.4740200e-001
  9.4740200e-001
  9.4740200e-001
  9.4740200e-001
  9.4826800e-001
  9.4826800e-001
  9.4974700e-001
  9.4974700e-001
  9.4974700e-001
  9.4974700e-001
  9.4985300e-001
  9.4985300e-001
  9.5036000e-001
  9.5036000e-001
  9.5046500e-001
  9.5046500e-001
  9.5071900e-001
  9.5071900e-001
  9.5158600e-001
  9.5158600e-001
  9.5245200e-001
  9.5245200e-001
  9.5245200e-001
  9.5245200e-001
  9.5245200e-001
  9.5245200e-001
  9.5245200e-001
  9.5245200e-001
  9.5245200e-001
  9.5245200e-001
  9.5245200e-001
  9.5245200e-001
  9.5245200e-001
  9.5245200e-001
  9.5245200e-001
  9.5245200e-001
  9.5306500e-001
  9.5306500e-001
  9.5331900e-001
  9.5331900e-001
  9.5331900e-001
  9.5331900e-001
  9.5331900e-001
  9.5331900e-001
  9.5331900e-001
  9.5331900e-001
  9.5577000e-001
  9.5577000e-001
  9.5638300e-001
  9.5638300e-001
  9.5663600e-001
  9.5663600e-001
  9.5663600e-001
  9.5663600e-001
  9.5689000e-001
  9.5689000e-001
  9.6046100e-001
  9.6046100e-001
  9.6082000e-001
  9.6082000e-001
  9.6082000e-001
  9.6082000e-001
  9.6143300e-001
  9.6143300e-001
  9.6168700e-001
  9.6168700e-001
  9.6168700e-001
  9.6168700e-001
  9.6255400e-001
  9.6255400e-001
  9.6255400e-001
  9.6255400e-001
  9.6255400e-001
  9.6255400e-001
  9.6255400e-001
  9.6255400e-001
  9.6255400e-001
  9.6255400e-001
  9.6255400e-001
  9.6255400e-001
  9.6255400e-001
  9.6255400e-001
  9.6255400e-001
  9.6255400e-001
  9.6255400e-001
  9.6255400e-001
  9.6255400e-001
  9.6255400e-001
  9.6255400e-001
  9.6255400e-001
  9.6255400e-001
  9.6255400e-001
  9.6255400e-001
  9.6255400e-001
  9.6255400e-001
  9.6255400e-001
  9.6255400e-001
  9.6255400e-001
  9.6255400e-001
  9.6255400e-001
  9.6255400e-001
  9.6255400e-001
  9.6255400e-001
  9.6255400e-001
  9.6255400e-001
  9.6255400e-001
  9.6255400e-001
  9.6255400e-001
  9.6525800e-001
  9.6525800e-001
  9.6673800e-001
  9.6673800e-001
  9.6709700e-001
  9.6709700e-001
  9.6709700e-001
  9.6709700e-001
  9.6821700e-001
  9.6821700e-001
  9.6918900e-001
  9.6918900e-001
  9.7005500e-001
  9.7005500e-001
  9.7092200e-001
  9.7092200e-001
  9.7092200e-001
  9.7092200e-001
  9.7092200e-001
  9.7092200e-001
  9.7214700e-001
  9.7214700e-001
  9.7337300e-001
  9.7337300e-001
  9.7388000e-001
  9.7388000e-001
  9.7388000e-001
  9.7388000e-001
  9.7423900e-001
  9.7423900e-001
  9.7423900e-001
  9.7423900e-001
  9.7597200e-001
  9.7597200e-001
  9.7745200e-001
  9.7745200e-001
  9.7954400e-001
  9.7954400e-001
  9.8041000e-001
  9.8041000e-001
  9.8041000e-001
  9.8041000e-001
  9.8138200e-001
  9.8138200e-001
  9.8275600e-001
  9.8275600e-001
  9.8275600e-001
  9.8275600e-001
  9.8275600e-001
  9.8275600e-001
  9.8275600e-001
  9.8275600e-001
  9.8275600e-001
  9.8275600e-001
  9.8275600e-001
  9.8275600e-001
  9.8275600e-001
  9.8275600e-001
  9.8311500e-001
  9.8311500e-001
  9.8311500e-001
  9.8311500e-001
  9.8459400e-001
  9.8459400e-001
  9.8632700e-001
  9.8632700e-001
  9.8694000e-001
  9.8694000e-001
  9.8755300e-001
  9.8755300e-001
  9.8841900e-001
  9.8841900e-001
  9.8841900e-001
  9.8841900e-001
  9.8852500e-001
  9.8852500e-001
  9.8852500e-001
  9.8852500e-001
  9.8852500e-001
  9.8852500e-001
  9.8939100e-001
  9.8939100e-001
  9.9051100e-001
  9.9051100e-001
  9.9199100e-001
  9.9199100e-001
  9.9199100e-001
  9.9199100e-001
  9.9199100e-001
  9.9199100e-001
  9.9199100e-001
  9.9199100e-001
  9.9199100e-001
  9.9199100e-001
  9.9199100e-001
  9.9199100e-001
  9.9199100e-001
  9.9199100e-001
  9.9199100e-001
  9.9199100e-001
  9.9347000e-001
  9.9347000e-001
  9.9444200e-001
  9.9444200e-001
  9.9469600e-001
  9.9469600e-001
  9.9704100e-001
  9.9704100e-001
  9.9704100e-001
  9.9704100e-001
  9.9740000e-001
  9.9740000e-001
  9.9765400e-001
  9.9765400e-001
  9.9826700e-001
  9.9826700e-001
  9.9826700e-001
  9.9826700e-001
  9.9913300e-001
  9.9913300e-001
  9.9913300e-001
  9.9913300e-001
  9.9913300e-001
  9.9913300e-001
  9.9949200e-001
  9.9949200e-001
