 99999
 99999
 99999
 99999
 99997
 99997
 99996
 99996
 99996
 99996
 99996
 99996
 99992
 99989
 99981
 99975
 99956
 99941
 99930
 99921
 99914
 99909
 99905
 99901
 99899
 99897
 99896
 99895
 99894
 99893
 99890
 99889
 99887
 99886
 99885
 99885
 99877
 99871
 99860
 99850
 99841
 99833
 99821
 99810
 99800
 99791
 99771
 99752
 99735
 99720
 99693
 99669
 99647
 99626
 99603
 99582
 99554
 99529
 99505
 99484
 99463
 99445
 99428
 99412
 99393
 99376
 99360
 99345
 99331
 99318
 99306
 99295
 99285
 99276
 99267
 99259
 99251
 99243
 99236
 99229
 99223
 99217
 99211
 99205
 99190
 99175
 99158
 99141
 99126
 99111
 99095
 99079
 99058
 99038
 99017
 98998
 98971
 98946
 98917
 98890
 98862
 98836
 98811
 98787
 98764
 98742
 98722
 98702
 98677
 98654
 98608
 98563
 98520
 98479
 98439
 98401
 98365
 98330
 98296
 98264
 98233
 98203
 98174
 98147
 98120
 98095
 98071
 98048
 98025
 98004
 97976
 97948
 97922
 97897
 97873
 97850
 97827
 97806
 97785
 97766
 97747
 97728
 97711
 97694
 97678
 97662
 97647
 97633
 97613
 97595
 97574
 97555
 97526
 97498
 97470
 97442
 97406
 97370
 97336
 97302
 97270
 97239
 97208
 97179
 97150
 97123
 97096
 97070
 97045
 97020
 96997
 96974
 96952
 96931
 96910
 96890
 96870
 96852
 96833
 96816
 96799
 96782
 96767
 96751
 96736
 96722
 96708
 96695
 96682
 96670
 96658
 96646
 96635
 96624
 96614
 96604
 96595
 96586
 96577
 96568
 96560
 96552
 96545
 96538
 96531
 96524
 96518
 96512
 96506
 96501
 96496
 96491
 96486
 96482
 96477
 96474
 96470
 96466
 96463
 96460
 96457
 96454
 96452
 96450
 96447
 96445
 96444
 96442
 96441
 96439
 96438
 96437
 96432
 96426
 96420
 96415
 96401
 96388
 96372
 96357
 96342
 96327
 96311
 96295
 96280
 96265
 96247
 96230
 96209
 96189
 96163
 96139
 96106
 96075
 96033
 95992
 95942
 95892
 95843
 95794
 95738
 95684
 95628
 95573
 95518
 95464
 95410
 95356
 95298
 95242
 95175
 95109
 95036
 94963
 94892
 94822
 94753
 94685
 94607
 94530
 94453
 94376
 94301
 94226
 94153
 94081
 94000
 93919
 93840
 93762
 93683
 93604
 93528
 93452
 93377
 93304
 93231
 93160
 93089
 93020
 92952
 92884
 92813
 92743
 92673
 92605
 92538
 92471
 92406
 92342
 92278
 92216
 92154
 92093
 92033
 91975
 91913
 91852
 91793
 91734
 91676
 91619
 91561
 91504
 91432
 91360
 91289
 91219
 91151
 91083
 91007
 90933
 90857
 90783
 90709
 90637
 90551
 90467
 90365
 90265
 90145
 90027
 89906
 89786
 89660
 89535
 89411
 89289
 89161
 89033
 88908
 88783
 88660
 88539
 88419
 88300
 88183
 88067
 87952
 87839
 87727
 87616
 87503
 87391
 87280
 87170
 87062
 86955
 86849
 86745
 86642
 86539
 86432
 86325
 86216
 86108
 86000
 85893
 85786
 85681
 85577
 85474
 85371
 85269
 85168
 85068
 84968
 84869
 84766
 84664
 84543
 84423
 84301
 84181
 84048
 83917
 83778
 83640
 83503
 83366
 83225
 83085
 82938
 82792
 82647
 82504
 82351
 82200
 82047
 81897
 81748
 81600
 81453
 81308
 81159
 81012
 80866
 80721
 80572
 80425
 80268
 80112
 79957
 79802
 79649
 79498
 79347
 79199
 79046
 78895
 78740
 78586
 78432
 78278
 78127
 77976
 77827
 77680
 77532
 77386
 77230
 77075
 76922
 76770
 76619
 76470
 76312
 76156
 75998
 75842
 75688
 75534
 75382
 75232
 75082
 74934
 74787
 74642
 74498
 74355
 74208
 74063
 73912
 73762
 73614
 73466
 73321
 73176
 73032
 72890
 72749
 72609
 72471
 72334
 72197
 72062
 71929
 71796
 71660
 71525
 71391
 71258
 71119
 70980
 70840
 70701
 70562
 70426
 70287
 70149
 70011
 69874
 69738
 69603
 69445
 69287
 69131
 68976
 68822
 68669
 68518
 68367
 68218
 68070
 67922
 67775
 67630
 67485
 67320
 67157
 66992
 66828
 66661
 66494
 66326
 66160
 65994
 65830
 65666
 65504
 65343
 65183
 65025
 64867
 64711
 64556
 64402
 64249
 64087
 63926
 63765
 63606
 63446
 63287
 63121
 62956
 62791
 62627
 62464
 62302
 62137
 61973
 61810
 61648
 61487
 61327
 61169
 61011
 60855
 60700
 60539
 60379
 60220
 60062
 59905
 59750
 59591
 59434
 59275
 59117
 58960
 58804
 58647
 58491
 58336
 58181
 58028
 57876
 57722
 57569
 57414
 57259
 57105
 56953
 56797
 56643
 56487
 56332
 56178
 56025
 55873
 55722
 55569
 55416
 55265
 55114
 54964
 54816
 54668
 54521
 54358
 54197
 54036
 53876
 53717
 53559
 53402
 53246
 53091
 52937
 52783
 52631
 52480
 52330
 52180
 52032
 51884
 51738
 51592
 51447
 51304
 51161
 51019
 50878
 50738
 50598
 50454
 50311
 50168
 50026
 49881
 49737
 49590
 49444
 49291
 49140
 48985
 48830
 48676
 48522
 48366
 48211
 48057
 47903
 47751
 47599
 47449
 47299
 47148
 46998
 46848
 46700
 46552
 46405
 46257
 46110
 45963
 45818
 45671
 45525
 45378
 45232
 45086
 44940
 44794
 44650
 44505
 44362
 44220
 44078
 43931
 43785
 43640
 43495
 43351
 43209
 43066
 42925
 42785
 42645
 42506
 42368
 42231
 42094
 41958
 41822
 41686
 41551
 41414
 41277
 41141
 41006
 40872
 40739
 40605
 40472
 40332
 40192
 40051
 39911
 39769
 39627
 39487
 39347
 39206
 39066
 38926
 38787
 38649
 38512
 38373
 38234
 38097
 37960
 37820
 37681
 37542
 37404
 37265
 37128
 36991
 36855
 36719
 36584
 36450
 36317
 36184
 36053
 35921
 35791
 35661
 35532
 35403
 35274
 35144
 35014
 34877
 34741
 34605
 34468
 34333
 34198
 34064
 33930
 33797
 33664
 33526
 33389
 33252
 33116
 32972
 32828
 32686
 32544
 32402
 32262
 32122
 31982
 31843
 31705
 31566
 31428
 31288
 31148
 31009
 30870
 30732
 30594
 30456
 30319
 30183
 30047
 29912
 29778
 29644
 29511
 29379
 29247
 29116
 28985
 28854
 28723
 28593
 28463
 28334
 28205
 28075
 27946
 27816
 27687
 27558
 27430
 27303
 27176
 27049
 26924
 26799
 26674
 26550
 26427
 26305
 26183
 26061
 25941
 25820
 25701
 25582
 25464
 25346
 25228
 25110
 24992
 24874
 24758
 24639
 24521
 24403
 24286
 24170
 24054
 23939
 23824
 23710
 23597
 23484
 23372
 23261
 23150
 23040
 22930
 22821
 22713
 22605
 22498
 22392
 22286
 22181
 22076
 21972
 21869
 21767
 21665
 21563
 21463
 21363
 21263
 21164
 21065
 20953
 20841
 20730
 20619
 20507
 20395
 20282
 20170
 20055
 19941
 19825
 19710
 19595
 19481
 19367
 19253
 19137
 19023
 18909
 18795
 18681
 18567
 18454
 18342
 18230
 18118
 18006
 17895
 17783
 17672
 17560
 17449
 17337
 17226
 17114
 17003
 16892
 16781
 16669
 16557
 16446
 16336
 16226
 16116
 16007
 15899
 15791
 15684
 15577
 15471
 15365
 15260
 15156
 15052
 14948
 14845
 14741
 14637
 14533
 14429
 14324
 14220
 14116
 14013
 13911
 13809
 13707
 13607
 13505
 13403
 13300
 13197
 13094
 12993
 12889
 12786
 12683
 12581
 12476
 12371
 12264
 12157
 12050
 11944
 11839
 11734
 11628
 11523
 11419
 11314
 11209
 11104
 10999
 10895
 10792
 10688
 10586
 10484
 10382
 10281
 10181
 10081
 9982
 9883
 9785
 9687
 9590
 9494
 9395
 9297
 9200
 9103
 9007
 8911
 8815
 8720
 8626
 8532
 8439
 8347
 8255
 8164
 8072
 7981
 7888
 7796
 7705
 7615
 7525
 7436
 7348
 7260
 7173
 7087
 7002
 6918
 6834
 6752
 6670
 6589
 6509
 6430
 6352
 6275
 6199
 6124
 6050
 5977
 5906
 5835
 5766
 5698
 5631
 5566
 5502
 5439
 5377
 5317
 5259
 5202
 5147
 5093
 5040
 4990
 4937
 4886
 4835
 4786
 4736
 4688
 4642
 4597
 4554
 4513
 4473
 4436
 4400
 4366
 4332
 4299
 4262
 4226
 4193
 4162
 4133
 4106
 4081
 4059
 4039
 4022
 4005
 3990
 3978
 3969
 3961
 3955
 3947
 3942
 3939
 3938
 3940
 3944
 3950
 3958
 3969
 3982
 3998
 4015
 4034
 4056
 4078
 4101
 4125
 4151
 4179
 4209
 4241
 4274
 4309
 4346
 4384
 4424
 4465
 4508
 4552
 4597
 4644
 4692
 4741
 4791
 4843
 4895
 4948
 5003
 5058
 5114
 5171
 5229
 5288
 5347
 5407
 5468
 5530
 5592
 5654
 5718
 5778
 5838
 5899
 5960
 6022
 6083
 6146
 6209
 6272
 6336
 6399
 6464
 6525
 6588
 6650
 6714
 6777
 6841
 6905
 6970
 7035
 7100
 7166
 7231
 7298
 7364
 7431
 7498
 7563
 7628
 7693
 7758
 7823
 7889
 7951
 8013
 8076
 8139
 8202
 8266
 8329
 8393
 8457
 8522
 8586
 8651
 8716
 8781
 8843
 8905
 8967
 9030
 9093
 9156
 9219
 9282
 9346
 9409
 9473
 9537
 9600
 9664
 9725
 9787
 9848
 9909
 9970
 10031
 10093
 10154
 10216
 10277
 10334
 10392
 10445
 10498
 10549
 10602
 10652
 10702
 10752
 10803
 10854
 10905
 10957
 11008
 11060
 11112
 11165
 11217
 11270
 11323
 11377
 11430
 11484
 11537
 11591
 11646
 11700
 11754
 11809
 11864
 11919
 11974
 12029
 12085
 12140
 12196
 12252
 12307
 12363
 12420
 12476
 12532
 12589
 12645
 12701
 12756
 12812
 12868
 12923
 12978
 13034
 13089
 13145
 13200
 13254
 13308
 13362
 13416
 13469
 13523
 13575
 13627
 13680
 13732
 13784
 13835
 13886
 13937
 13988
 14039
 14089
 14140
 14190
 14240
 14289
 14339
 14388
 14438
 14487
 14537
 14586
 14635
 14685
 14734
 14784
 14833
 14883
 14932
 14982
 15031
 15081
 15131
 15180
 15229
 15278
 15326
 15374
 15422
 15469
 15516
 15562
 15608
 15655
 15701
 15748
 15795
 15842
 15889
 15936
 15983
 16029
 16074
 16118
 16161
 16205
 16249
 16292
 16336
 16380
 16425
 16468
 16513
 16556
 16600
 16643
 16686
 16727
 16768
 16809
 16850
 16891
 16933
 16972
 17011
 17050
 17089
 17126
 17164
 17201
 17237
 17274
 17311
 17348
 17386
 17422
 17459
 17497
 17534
 17571
 17609
 17646
 17684
 17721
 17758
 17793
 17830
 17866
 17902
 17939
 17975
 18012
 18049
 18085
 18121
 18157
 18194
 18229
 18265
 18299
 18333
 18368
 18402
 18437
 18472
 18502
 18533
 18564
 18595
 18625
 18656
 18687
 18718
 18748
 18778
 18808
 18837
 18866
 18896
 18923
 18951
 18978
 19006
 19034
 19062
 19091
 19119
 19148
 19176
 19205
 19234
 19261
 19287
 19311
 19334
 19358
 19382
 19404
 19427
 19450
 19473
 19493
 19513
 19530
 19547
 19562
 19577
 19593
 19608
 19624
 19640
 19656
 19672
 19689
 19706
 19723
 19740
 19757
 19774
 19785
 19797
 19808
 19820
 19832
 19843
 19855
 19867
 19879
 19892
 19899
 19907
 19914
 19922
 19931
 19939
 19947
 19955
 19960
 19966
 19972
 19978
 19984
 19991
 19998
 20005
 20012
 20019
 20022
 20024
 20026
 20028
 20029
 20030
 20031
 20031
 20033
 20034
 20036
 20038
 20040
 20042
 20044
 20046
 20049
 20051
 20049
 20047
 20045
 20043
 20036
 20030
 20021
 20013
 20005
 19997
 19989
 19981
 19973
 19965
 19957
 19949
 19941
 19934
 19927
 19920
 19913
 19906
 19896
 19887
 19878
 19868
 19860
 19851
 19843
 19835
 19826
 19817
 19806
 19795
 19785
 19774
 19764
 19755
 19745
 19736
 19727
 19718
 19709
 19701
 19693
 19685
 19678
 19670
 19662
 19653
 19642
 19632
 19620
 19609
 19596
 19584
 19562
 19541
 19517
 19494
 19470
 19447
 19422
 19398
 19373
 19349
 19326
 19302
 19277
 19253
 19228
 19204
 19180
 19156
 19131
 19107
 19083
 19059
 19035
 19011
 18988
 18965
 18942
 18919
 18896
 18873
 18851
 18829
 18806
 18784
 18762
 18740
 18718
 18696
 18674
 18653
 18631
 18610
 18590
 18569
 18549
 18529
 18508
 18488
 18468
 18448
 18429
 18409
 18389
 18370
 18351
 18332
 18312
 18293
 18273
 18253
 18233
 18214
 18194
 18175
 18155
 18135
 18114
 18094
 18072
 18051
 18029
 18007
 17985
 17964
 17940
 17917
 17892
 17866
 17840
 17815
 17786
 17757
 17728
 17699
 17671
 17643
 17615
 17587
 17559
 17532
 17504
 17477
 17451
 17424
 17395
 17366
 17338
 17309
 17281
 17254
 17226
 17199
 17172
 17145
 17118
 17092
 17066
 17040
 17013
 16985
 16958
 16932
 16905
 16878
 16850
 16823
 16794
 16766
 16737
 16709
 16676
 16643
 16609
 16574
 16538
 16501
 16465
 16428
 16391
 16355
 16317
 16279
 16242
 16204
 16167
 16129
 16093
 16056
 16018
 15981
 15944
 15907
 15869
 15832
 15795
 15758
 15721
 15685
 15649
 15613
 15577
 15542
 15504
 15467
 15430
 15394
 15357
 15321
 15285
 15250
 15212
 15174
 15134
 15094
 15055
 15016
 14975
 14935
 14896
 14856
 14815
 14775
 14734
 14694
 14653
 14613
 14571
 14530
 14488
 14447
 14404
 14361
 14316
 14271
 14227
 14182
 14138
 14094
 14050
 14006
 13961
 13916
 13870
 13823
 13775
 13727
 13679
 13631
 13582
 13533
 13484
 13435
 13386
 13337
 13288
 13239
 13191
 13143
 13095
 13047
 13000
 12952
 12903
 12855
 12806
 12757
 12709
 12661
 12613
 12566
 12518
 12471
 12424
 12377
 12330
 12284
 12237
 12190
 12141
 12093
 12043
 11994
 11944
 11895
 11845
 11796
 11748
 11699
 11651
 11602
 11553
 11503
 11453
 11404
 11354
 11305
 11256
 11207
 11158
 11109
 11060
 11011
 10962
 10912
 10863
 10813
 10763
 10713
 10661
 10609
 10557
 10505
 10454
 10402
 10350
 10298
 10246
 10194
 10142
 10091
 10039
 9988
 9937
 9886
 9835
 9784
 9733
 9682
 9630
 9578
 9527
 9475
 9424
 9372
 9320
 9268
 9216
 9163
 9111
 9059
 9006
 8953
 8900
 8848
 8795
 8742
 8689
 8637
 8584
 8532
 8480
 8427
 8375
 8323
 8270
 8217
 8164
 8111
 8058
 8006
 7953
 7901
 7849
 7797
 7744
 7692
 7640
 7588
 7536
 7485
 7433
 7382
 7331
 7280
 7229
 7179
 7128
 7078
 7028
 6977
 6927
 6877
 6826
 6775
 6723
 6672
 6622
 6571
 6519
 6467
 6416
 6364
 6313
 6262
 6209
 6157
 6105
 6053
 6001
 5949
 5897
 5845
 5792
 5740
 5688
 5636
 5584
 5532
 5480
 5429
 5377
 5325
 5273
 5222
 5170
 5119
 5068
 5016
 4964
 4912
 4860
 4809
 4756
 4704
 4652
 4600
 4549
 4497
 4445
 4393
 4340
 4287
 4234
 4181
 4128
 4075
 4022
 3968
 3915
 3861
 3808
 3754
 3700
 3646
 3593
 3539
 3485
 3432
 3377
 3323
 3269
 3214
 3160
 3106
 3051
 2997
 2943
 2888
 2834
 2780
 2726
 2672
 2618
 2564
 2510
 2456
 2402
 2348
 2294
 2241
 2187
 2134
 2080
 2027
 1973
 1920
 1867
 1814
 1761
 1708
 1655
 1602
 1551
 1499
 1447
 1396
 1344
 1293
 1242
 1191
 1140
 1090
 1041
 992
 943
 896
 849
 802
 757
 712
 669
 628
 589
 553
 519
 489
 462
 440
 423
 412
 408
 410
 420
 436
 457
 483
 514
 548
 585
 623
 664
 705
 748
 792
 836
 881
 927
 973
 1019
 1066
 1113
 1160
 1208
 1255
 1303
 1351
 1399
 1447
 1495
 1543
 1592
 1640
 1688
 1737
 1785
 1834
 1882
 1930
 1979
 2027
 2076
 2124
 2173
 2221
 2269
 2318
 2366
 2414
 2463
 2511
 2559
 2607
 2656
 2704
 2752
 2800
 2848
 2897
 2945
 2993
 3041
 3089
 3137
 3186
 3234
 3282
 3329
 3377
 3425
 3473
 3521
 3569
 3616
 3664
 3712
 3759
 3806
 3854
 3901
 3948
 3995
 4042
 4088
 4135
 4181
 4228
 4274
 4321
 4367
 4413
 4459
 4506
 4552
 4598
 4644
 4690
 4736
 4782
 4828
 4873
 4918
 4962
 5007
 5051
 5096
 5140
 5185
 5229
 5274
 5318
 5361
 5403
 5445
 5487
 5528
 5568
 5609
 5650
 5691
 5732
 5773
 5814
 5855
 5896
 5937
 5978
 6019
 6060
 6101
 6143
 6184
 6225
 6266
 6308
 6347
 6387
 6427
 6467
 6506
 6546
 6586
 6626
 6666
 6706
 6746
 6786
 6826
 6867
 6906
 6946
 6984
 7022
 7059
 7096
 7133
 7170
 7206
 7242
 7278
 7315
 7351
 7387
 7423
 7459
 7494
 7529
 7564
 7599
 7633
 7668
 7703
 7738
 7773
 7808
 7843
 7878
 7912
 7946
 7980
 8014
 8047
 8080
 8113
 8146
 8180
 8213
 8246
 8279
 8312
 8345
 8378
 8411
 8444
 8477
 8509
 8542
 8574
 8606
 8638
 8670
 8701
 8732
 8763
 8795
 8826
 8857
 8888
 8919
 8950
 8981
 9012
 9043
 9074
 9105
 9136
 9167
 9199
 9230
 9261
 9292
 9322
 9352
 9382
 9413
 9443
 9473
 9504
 9535
 9565
 9596
 9627
 9657
 9688
 9719
 9750
 9780
 9811
 9842
 9872
 9902
 9932
 9962
 9992
 10023
 10052
 10081
 10109
 10138
 10164
 10191
 10218
 10245
 10271
 10298
 10325
 10352
 10378
 10404
 10430
 10456
 10480
 10504
 10527
 10550
 10573
 10596
 10619
 10642
 10665
 10688
 10712
 10735
 10759
 10782
 10806
 10830
 10854
 10878
 10902
 10926
 10950
 10974
 10997
 11020
 11042
 11065
 11087
 11109
 11130
 11151
 11172
 11194
 11215
 11236
 11257
 11279
 11300
 11321
 11341
 11362
 11382
 11402
 11422
 11442
 11462
 11481
 11501
 11520
 11538
 11555
 11573
 11591
 11608
 11625
 11642
 11659
 11677
 11694
 11712
 11730
 11748
 11766
 11784
 11802
 11820
 11838
 11856
 11874
 11891
 11908
 11923
 11938
 11953
 11968
 11983
 11998
 12014
 12029
 12043
 12057
 12070
 12084
 12098
 12113
 12127
 12141
 12154
 12167
 12180
 12192
 12204
 12216
 12228
 12241
 12252
 12264
 12275
 12286
 12297
 12309
 12320
 12332
 12342
 12352
 12362
 12372
 12382
 12393
 12403
 12413
 12423
 12432
 12442
 12451
 12459
 12467
 12474
 12482
 12490
 12498
 12506
 12514
 12521
 12528
 12534
 12541
 12548
 12554
 12561
 12568
 12575
 12582
 12589
 12596
 12600
 12603
 12607
 12611
 12614
 12617
 12620
 12623
 12626
 12630
 12633
 12637
 12641
 12645
 12649
 12653
 12657
 12662
 12667
 12671
 12676
 12681
 12686
 12692
 12697
 12702
 12707
 12713
 12718
 12724
 12729
 12735
 12740
 12746
 12752
 12758
 12764
 12770
 12776
 12782
 12789
 12795
 12802
 12809
 12816
 12823
 12830
 12837
 12845
 12852
 12860
 12868
 12876
 12884
 12892
 12900
 12909
 12917
 12924
 12931
 12938
 12945
 12953
 12960
 12968
 12975
 12983
 12991
 12998
 13006
 13014
 13022
 13030
 13038
 13046
 13055
 13062
 13069
 13071
 13074
 13075
 13077
 13077
 13077
 13077
 13077
 13077
 13077
 13076
 13075
 13074
 13074
 13073
 13072
 13072
 13071
 13069
 13067
 13064
 13062
 13059
 13057
 13049
 13042
 13034
 13026
 13016
 13006
 12997
 12987
 12976
 12964
 12953
 12942
 12928
 12915
 12902
 12889
 12876
 12862
 12848
 12833
 12819
 12805
 12789
 12774
 12758
 12742
 12726
 12711
 12695
 12680
 12665
 12650
 12632
 12615
 12596
 12577
 12559
 12540
 12522
 12504
 12486
 12468
 12450
 12432
 12415
 12397
 12380
 12363
 12346
 12329
 12313
 12296
 12280
 12263
 12247
 12231
 12215
 12198
 12182
 12165
 12149
 12133
 12117
 12101
 12085
 12070
 12054
 12039
 12024
 12009
 11994
 11979
 11965
 11950
 11936
 11921
 11907
 11893
 11880
 11866
 11852
 11839
 11826
 11813
 11799
 11786
 11772
 11759
 11746
 11732
 11719
 11705
 11691
 11677
 11664
 11650
 11635
 11620
 11605
 11590
 11576
 11561
 11546
 11532
 11517
 11503
 11489
 11475
 11461
 11447
 11431
 11414
 11397
 11380
 11364
 11347
 11331
 11314
 11297
 11281
 11263
 11245
 11227
 11209
 11192
 11175
 11157
 11140
 11123
 11106
 11088
 11069
 11051
 11033
 11015
 10997
 10979
 10962
 10944
 10927
 10909
 10892
 10875
 10858
 10841
 10825
 10808
 10792
 10776
 10759
 10743
 10728
 10712
 10696
 10680
 10664
 10647
 10631
 10614
 10597
 10580
 10564
 10548
 10531
 10515
 10500
 10484
 10468
 10453
 10437
 10422
 10407
 10392
 10377
 10363
 10348
 10334
 10320
 10306
 10292
 10277
 10263
 10247
 10232
 10217
 10202
 10187
 10172
 10157
 10143
 10128
 10114
 10100
 10086
 10072
 10059
 10045
 10032
 10019
 10006
 9989
 9973
 9956
 9940
 9924
 9907
 9891
 9875
 9858
 9841
 9824
 9807
 9790
 9774
 9757
 9741
 9724
 9707
 9690
 9674
 9656
 9639
 9622
 9605
 9588
 9571
 9554
 9537
 9521
 9505
 9489
 9473
 9457
 9441
 9425
 9410
 9394
 9378
 9362
 9345
 9329
 9313
 9294
 9276
 9258
 9239
 9221
 9202
 9184
 9165
 9147
 9128
 9109
 9091
 9072
 9053
 9032
 9011
 8990
 8969
 8948
 8927
 8907
 8886
 8866
 8846
 8825
 8804
 8783
 8762
 8741
 8719
 8697
 8676
 8652
 8628
 8605
 8581
 8556
 8532
 8506
 8480
 8455
 8429
 8403
 8377
 8351
 8326
 8299
 8273
 8247
 8220
 8192
 8163
 8135
 8107
 8079
 8050
 8022
 7995
 7967
 7939
 7910
 7880
 7850
 7820
 7789
 7759
 7728
 7697
 7666
 7636
 7605
 7574
 7543
 7512
 7481
 7450
 7419
 7388
 7357
 7326
 7295
 7264
 7232
 7201
 7169
 7138
 7106
 7075
 7044
 7012
 6981
 6949
 6917
 6886
 6854
 6823
 6792
 6760
 6729
 6698
 6668
 6637
 6606
 6575
 6545
 6515
 6484
 6454
 6424
 6394
 6363
 6333
 6303
 6273
 6242
 6212
 6180
 6148
 6116
 6084
 6052
 6020
 5989
 5957
 5924
 5892
 5860
 5827
 5795
 5763
 5730
 5698
 5665
 5631
 5597
 5563
 5529
 5496
 5462
 5428
 5395
 5361
 5328
 5295
 5261
 5228
 5195
 5162
 5129
 5096
 5063
 5031
 4997
 4964
 4931
 4898
 4865
 4832
 4799
 4766
 4733
 4700
 4667
 4634
 4600
 4567
 4534
 4501
 4468
 4435
 4402
 4369
 4335
 4302
 4269
 4236
 4202
 4169
 4136
 4103
 4070
 4038
 4005
 3972
 3939
 3907
 3874
 3840
 3807
 3774
 3741
 3708
 3676
 3643
 3610
 3577
 3544
 3511
 3478
 3445
 3412
 3379
 3346
 3313
 3281
 3248
 3215
 3183
 3150
 3117
 3084
 3051
 3019
 2986
 2953
 2921
 2889
 2856
 2824
 2792
 2760
 2728
 2697
 2665
 2633
 2602
 2571
 2540
 2509
 2478
 2447
 2416
 2386
 2355
 2325
 2295
 2265
 2236
 2206
 2177
 2148
 2119
 2090
 2061
 2033
 2005
 1977
 1949
 1922
 1894
 1867
 1841
 1814
 1788
 1762
 1735
 1709
 1683
 1657
 1632
 1607
 1582
 1558
 1534
 1510
 1487
 1465
 1442
 1421
 1400
 1379
 1359
 1339
 1320
 1302
 1285
 1268
 1251
 1236
 1221
 1207
 1194
 1182
 1170
 1160
 1150
 1140
 1131
 1122
 1114
 1107
 1101
 1094
 1088
 1082
 1078
 1073
 1068
 1065
 1062
 1060
 1059
 1059
 1060
 1062
 1065
 1069
 1074
 1080
 1087
 1095
 1104
 1113
 1123
 1134
 1145
 1158
 1171
 1185
 1199
 1214
 1230
 1246
 1261
 1278
 1295
 1312
 1329
 1347
 1366
 1385
 1405
 1423
 1442
 1461
 1481
 1499
 1518
 1538
 1558
 1577
 1597
 1617
 1637
 1658
 1678
 1698
 1718
 1739
 1760
 1781
 1803
 1825
 1847
 1870
 1893
 1916
 1939
 1961
 1984
 2006
 2028
 2051
 2073
 2096
 2120
 2143
 2166
 2190
 2214
 2238
 2261
 2285
 2309
 2333
 2358
 2382
 2406
 2430
 2455
 2479
 2504
 2529
 2554
 2579
 2605
 2630
 2655
 2680
 2704
 2729
 2753
 2778
 2803
 2826
 2851
 2875
 2899
 2924
 2948
 2973
 2998
 3022
 3047
 3071
 3096
 3118
 3140
 3163
 3185
 3208
 3230
 3253
 3276
 3297
 3319
 3342
 3364
 3386
 3409
 3431
 3453
 3474
 3496
 3517
 3539
 3561
 3583
 3605
 3627
 3649
 3671
 3693
 3715
 3737
 3760
 3782
 3803
 3825
 3848
 3870
 3892
 3915
 3937
 3960
 3983
 4005
 4028
 4051
 4074
 4098
 4121
 4144
 4168
 4191
 4215
 4239
 4262
 4286
 4310
 4334
 4358
 4382
 4406
 4430
 4454
 4478
 4502
 4525
 4549
 4572
 4594
 4617
 4640
 4663
 4685
 4708
 4730
 4751
 4772
 4793
 4813
 4834
 4854
 4874
 4895
 4915
 4936
 4955
 4973
 4992
 5011
 5030
 5049
 5068
 5087
 5106
 5125
 5145
 5164
 5184
 5203
 5222
 5241
 5260
 5280
 5299
 5317
 5337
 5356
 5375
 5394
 5414
 5433
 5453
 5473
 5491
 5510
 5527
 5545
 5562
 5579
 5596
 5614
 5631
 5649
 5666
 5683
 5700
 5717
 5734
 5752
 5769
 5787
 5804
 5822
 5840
 5857
 5875
 5893
 5911
 5929
 5947
 5965
 5983
 6000
 6018
 6036
 6053
 6071
 6089
 6106
 6124
 6142
 6160
 6178
 6196
 6214
 6233
 6251
 6269
 6288
 6306
 6325
 6344
 6363
 6381
 6400
 6419
 6438
 6458
 6477
 6496
 6515
 6535
 6554
 6574
 6593
 6613
 6633
 6652
 6672
 6692
 6712
 6732
 6752
 6772
 6792
 6812
 6832
 6853
 6873
 6893
 6913
 6933
 6953
 6972
 6991
 7009
 7027
 7044
 7063
 7080
 7098
 7115
 7133
 7150
 7167
 7184
 7200
 7217
 7234
 7251
 7268
 7284
 7301
 7318
 7335
 7352
 7368
 7385
 7402
 7418
 7435
 7451
 7468
 7484
 7500
 7516
 7533
 7549
 7565
 7580
 7596
 7612
 7628
 7644
 7660
 7676
 7692
 7708
 7725
 7741
 7757
 7774
 7791
 7807
 7824
 7840
 7857
 7874
 7891
 7908
 7925
 7940
 7955
 7969
 7984
 7998
 8012
 8026
 8041
 8055
 8069
 8083
 8097
 8111
 8126
 8139
 8153
 8167
 8180
 8193
 8206
 8218
 8231
 8243
 8255
 8268
 8280
 8292
 8305
 8317
 8330
 8343
 8355
 8368
 8381
 8394
 8407
 8419
 8432
 8444
 8457
 8470
 8482
 8494
 8507
 8519
 8532
 8544
 8556
 8568
 8579
 8591
 8603
 8615
 8626
 8638
 8650
 8660
 8671
 8680
 8690
 8699
 8709
 8718
 8726
 8734
 8742
 8748
 8754
 8758
 8763
 8767
 8771
 8774
 8778
 8779
 8781
 8782
 8784
 8785
 8787
 8788
 8790
 8791
 8793
 8794
 8795
 8796
 8797
 8799
 8800
 8802
 8804
 8806
 8807
 8809
 8810
 8810
 8811
 8812
 8813
 8814
 8815
 8816
 8817
 8819
 8820
 8822
 8823
 8823
 8824
 8824
 8823
 8823
 8823
 8823
 8824
 8824
 8824
 8825
 8825
 8826
 8827
 8827
 8828
 8829
 8831
 8832
 8833
 8834
 8836
 8837
 8839
 8841
 8843
 8845
 8847
 8849
 8851
 8853
 8855
 8856
 8858
 8859
 8860
 8861
 8863
 8864
 8866
 8867
 8869
 8871
 8872
 8872
 8873
 8873
 8873
 8874
 8874
 8874
 8874
 8874
 8874
 8872
 8870
 8868
 8866
 8865
 8863
 8860
 8858
 8856
 8854
 8850
 8846
 8843
 8840
 8836
 8833
 8829
 8825
 8820
 8815
 8810
 8805
 8800
 8796
 8791
 8787
 8782
 8778
 8774
 8770
 8766
 8762
 8758
 8755
 8750
 8746
 8742
 8738
 8734
 8729
 8724
 8720
 8716
 8711
 8707
 8703
 8699
 8695
 8691
 8688
 8684
 8681
 8675
 8670
 8664
 8658
 8652
 8647
 8641
 8635
 8629
 8624
 8618
 8613
 8607
 8602
 8596
 8590
 8584
 8579
 8573
 8567
 8560
 8553
 8545
 8538
 8531
 8524
 8517
 8510
 8503
 8495
 8486
 8477
 8467
 8458
 8449
 8440
 8431
 8422
 8413
 8404
 8394
 8385
 8376
 8368
 8357
 8346
 8335
 8325
 8314
 8302
 8291
 8280
 8269
 8258
 8248
 8237
 8226
 8215
 8204
 8194
 8183
 8172
 8161
 8151
 8140
 8130
 8120
 8110
 8098
 8086
 8073
 8060
 8046
 8031
 8016
 8001
 7986
 7971
 7957
 7942
 7926
 7911
 7895
 7879
 7864
 7849
 7832
 7816
 7800
 7784
 7767
 7750
 7733
 7716
 7699
 7682
 7665
 7649
 7632
 7615
 7598
 7582
 7565
 7549
 7532
 7516
 7500
 7483
 7467
 7450
 7433
 7417
 7398
 7379
 7360
 7341
 7321
 7302
 7283
 7263
 7244
 7224
 7205
 7185
 7165
 7145
 7124
 7103
 7082
 7061
 7039
 7018
 6997
 6976
 6955
 6934
 6912
 6891
 6870
 6848
 6826
 6805
 6783
 6761
 6739
 6718
 6695
 6673
 6651
 6628
 6606
 6583
 6560
 6538
 6515
 6493
 6470
 6447
 6424
 6402
 6378
 6355
 6332
 6309
 6286
 6264
 6241
 6218
 6195
 6172
 6149
 6126
 6103
 6080
 6057
 6034
 6011
 5989
 5966
 5943
 5921
 5898
 5875
 5853
 5830
 5807
 5783
 5760
 5737
 5713
 5689
 5665
 5642
 5618
 5594
 5570
 5546
 5522
 5497
 5473
 5449
 5425
 5400
 5376
 5352
 5327
 5303
 5278
 5253
 5229
 5204
 5180
 5155
 5131
 5106
 5082
 5057
 5032
 5007
 4983
 4958
 4933
 4909
 4884
 4860
 4835
 4811
 4786
 4762
 4737
 4712
 4688
 4663
 4638
 4613
 4588
 4563
 4538
 4513
 4488
 4463
 4438
 4413
 4388
 4363
 4338
 4312
 4287
 4261
 4236
 4210
 4184
 4159
 4133
 4107
 4082
 4056
 4030
 4005
 3979
 3953
 3927
 3901
 3876
 3849
 3823
 3797
 3771
 3745
 3719
 3693
 3667
 3641
 3615
 3589
 3562
 3536
 3510
 3484
 3457
 3431
 3405
 3379
 3352
 3326
 3300
 3274
 3248
 3221
 3195
 3168
 3142
 3115
 3089
 3062
 3036
 3009
 2982
 2956
 2929
 2902
 2876
 2849
 2822
 2796
 2769
 2743
 2716
 2689
 2663
 2636
 2610
 2583
 2557
 2530
 2503
 2477
 2451
 2424
 2398
 2371
 2345
 2319
 2292
 2266
 2240
 2214
 2188
 2161
 2135
 2109
 2083
 2058
 2032
 2007
 1981
 1956
 1931
 1906
 1882
 1857
 1832
 1808
 1783
 1759
 1735
 1711
 1687
 1663
 1640
 1616
 1593
 1570
 1546
 1524
 1501
 1479
 1457
 1434
 1412
 1391
 1369
 1347
 1326
 1305
 1284
 1263
 1242
 1222
 1202
 1182
 1163
 1144
 1125
 1107
 1089
 1072
 1055
 1038
 1022
 1007
 992
 977
 964
 952
 940
 930
 921
 913
 906
 899
 894
 889
 885
 882
 880
 878
 877
 877
 878
 881
 884
 889
 895
 901
 908
 915
 924
 933
 943
 953
 964
 975
 987
 1001
 1014
 1028
 1043
 1058
 1074
 1090
 1107
 1124
 1141
 1159
 1177
 1195
 1214
 1232
 1251
 1270
 1289
 1309
 1329
 1349
 1370
 1390
 1411
 1432
 1453
 1474
 1496
 1517
 1539
 1561
 1583
 1605
 1627
 1649
 1672
 1694
 1717
 1740
 1764
 1787
 1810
 1834
 1857
 1881
 1904
 1928
 1952
 1976
 1999
 2023
 2047
 2071
 2095
 2119
 2143
 2167
 2191
 2215
 2239
 2263
 2287
 2311
 2335
 2359
 2383
 2407
 2431
 2455
 2479
 2503
 2527
 2551
 2575
 2599
 2623
 2647
 2671
 2695
 2719
 2743
 2767
 2791
 2815
 2839
 2863
 2887
 2911
 2935
 2959
 2983
 3006
 3030
 3054
 3077
 3101
 3124
 3147
 3171
 3194
 3217
 3241
 3264
 3287
 3310
 3334
 3357
 3380
 3404
 3427
 3450
 3473
 3497
 3520
 3543
 3566
 3590
 3613
 3636
 3659
 3682
 3706
 3729
 3752
 3775
 3798
 3821
 3845
 3868
 3891
 3914
 3937
 3960
 3983
 4007
 4030
 4053
 4076
 4099
 4122
 4145
 4168
 4191
 4214
 4237
 4260
 4283
 4306
 4329
 4352
 4375
 4398
 4420
 4443
 4466
 4489
 4511
 4534
 4556
 4579
 4602
 4624
 4647
 4669
 4691
 4714
 4736
 4759
 4781
 4803
 4826
 4848
 4870
 4892
 4914
 4935
 4957
 4979
 5000
 5022
 5043
 5065
 5086
 5108
 5129
 5151
 5172
 5194
 5215
 5236
 5258
 5279
 5300
 5321
 5342
 5363
 5384
 5404
 5425
 5445
 5466
 5486
 5506
 5527
 5547
 5567
 5587
 5607
 5628
 5648
 5668
 5688
 5708
 5728
 5748
 5768
 5789
 5809
 5828
 5848
 5868
 5887
 5907
 5927
 5947
 5966
 5986
 6006
 6026
 6046
 6066
 6085
 6105
 6125
 6145
 6165
 6185
 6205
 6225
 6244
 6264
 6284
 6304
 6323
 6342
 6362
 6381
 6400
 6419
 6439
 6458
 6477
 6496
 6515
 6535
 6554
 6573
 6592
 6612
 6631
 6650
 6669
 6689
 6708
 6727
 6747
 6766
 6785
 6805
 6824
 6843
 6863
 6882
 6901
 6920
 6939
 6957
 6975
 6992
 7010
 7028
 7045
 7063
 7080
 7097
 7114
 7131
 7148
 7165
 7182
 7199
 7216
 7233
 7250
 7267
 7284
 7301
 7318
 7334
 7351
 7368
 7385
 7402
 7418
 7435
 7452
 7469
 7486
 7503
 7520
 7537
 7554
 7570
 7585
 7600
 7616
 7631
 7645
 7659
 7674
 7687
 7701
 7715
 7729
 7743
 7756
 7770
 7784
 7797
 7811
 7824
 7837
 7850
 7863
 7876
 7889
 7902
 7915
 7928
 7940
 7953
 7966
 7979
 7992
 8004
 8017
 8029
 8042
 8053
 8065
 8077
 8088
 8100
 8111
 8122
 8133
 8145
 8156
 8167
 8178
 8187
 8197
 8207
 8216
 8226
 8235
 8245
 8254
 8264
 8273
 8283
 8292
 8301
 8310
 8319
 8328
 8338
 8347
 8356
 8365
 8375
 8384
 8393
 8403
 8412
 8422
 8432
 8441
 8451
 8461
 8470
 8480
 8490
 8499
 8509
 8519
 8528
 8538
 8546
 8555
 8564
 8572
 8580
 8587
 8595
 8603
 8610
 8618
 8626
 8634
 8642
 8650
 8657
 8665
 8672
 8680
 8687
 8695
 8702
 8710
 8717
 8725
 8732
 8740
 8748
 8755
 8763
 8771
 8779
 8786
 8794
 8802
 8810
 8818
 8826
 8833
 8840
 8848
 8855
 8862
 8870
 8877
 8885
 8892
 8899
 8906
 8912
 8919
 8925
 8932
 8938
 8945
 8952
 8958
 8964
 8970
 8975
 8980
 8985
 8990
 8994
 8999
 9004
 9009
 9014
 9018
 9023
 9027
 9031
 9035
 9040
 9044
 9048
 9052
 9055
 9059
 9062
 9065
 9068
 9071
 9074
 9077
 9079
 9082
 9083
 9084
 9085
 9086
 9088
 9089
 9089
 9090
 9091
 9091
 9092
 9093
 9093
 9094
 9095
 9095
 9096
 9097
 9096
 9095
 9093
 9092
 9091
 9090
 9088
 9086
 9083
 9080
 9076
 9072
 9068
 9064
 9060
 9056
 9051
 9047
 9043
 9039
 9035
 9030
 9026
 9022
 9018
 9014
 9010
 9005
 9000
 8995
 8990
 8984
 8979
 8974
 8968
 8963
 8957
 8952
 8946
 8941
 8935
 8929
 8923
 8917
 8912
 8906
 8900
 8895
 8888
 8882
 8876
 8869
 8863
 8857
 8850
 8844
 8838
 8831
 8825
 8819
 8812
 8806
 8799
 8793
 8787
 8780
 8774
 8767
 8761
 8755
 8748
 8742
 8735
 8729
 8723
 8717
 8710
 8704
 8697
 8691
 8684
 8676
 8669
 8663
 8656
 8649
 8641
 8634
 8627
 8619
 8612
 8604
 8597
 8589
 8582
 8574
 8567
 8560
 8552
 8544
 8537
 8530
 8520
 8511
 8502
 8493
 8484
 8475
 8466
 8457
 8448
 8439
 8430
 8420
 8409
 8399
 8389
 8378
 8368
 8357
 8347
 8337
 8327
 8317
 8306
 8296
 8286
 8275
 8264
 8252
 8241
 8229
 8218
 8206
 8194
 8182
 8170
 8159
 8147
 8136
 8124
 8112
 8100
 8089
 8077
 8066
 8053
 8041
 8028
 8016
 8002
 7989
 7975
 7962
 7949
 7935
 7922
 7909
 7896
 7883
 7870
 7857
 7844
 7831
 7819
 7806
 7793
 7780
 7768
 7755
 7742
 7728
 7715
 7702
 7688
 7675
 7662
 7648
 7635
 7621
 7607
 7593
 7579
 7565
 7550
 7536
 7522
 7507
 7493
 7478
 7464
 7449
 7435
 7420
 7404
 7388
 7372
 7356
 7339
 7322
 7305
 7288
 7271
 7254
 7238
 7221
 7204
 7187
 7169
 7151
 7133
 7116
 7097
 7079
 7061
 7043
 7025
 7007
 6989
 6971
 6953
 6935
 6917
 6899
 6881
 6863
 6845
 6827
 6809
 6790
 6772
 6754
 6736
 6717
 6699
 6680
 6661
 6643
 6624
 6606
 6586
 6567
 6548
 6529
 6510
 6491
 6472
 6453
 6434
 6415
 6396
 6377
 6358
 6340
 6321
 6302
 6283
 6265
 6246
 6227
 6209
 6190
 6172
 6153
 6135
 6116
 6098
 6080
 6061
 6043
 6025
 6007
 5988
 5970
 5952
 5934
 5916
 5898
 5880
 5862
 5844
 5826
 5808
 5791
 5773
 5755
 5737
 5720
 5702
 5685
 5667
 5650
 5632
 5615
 5597
 5580
 5563
 5545
 5528
 5511
 5494
 5477
 5460
 5442
 5425
 5408
 5391
 5373
 5356
 5338
 5321
 5303
 5285
 5268
 5250
 5232
 5214
 5196
 5178
 5160
 5141
 5123
 5105
 5087
 5068
 5050
 5032
 5013
 4995
 4977
 4958
 4940
 4921
 4902
 4884
 4865
 4846
 4828
 4809
 4790
 4771
 4752
 4733
 4714
 4694
 4674
 4655
 4636
 4616
 4597
 4577
 4558
 4538
 4518
 4499
 4479
 4459
 4439
 4419
 4399
 4379
 4359
 4339
 4319
 4299
 4279
 4260
 4240
 4220
 4200
 4180
 4160
 4140
 4121
 4101
 4081
 4061
 4042
 4022
 4003
 3983
 3963
 3944
 3924
 3905
 3885
 3866
 3847
 3827
 3808
 3789
 3769
 3750
 3731
 3711
 3690
 3670
 3650
 3630
 3610
 3589
 3569
 3549
 3528
 3508
 3487
 3467
 3446
 3426
 3405
 3384
 3364
 3343
 3322
 3301
 3281
 3260
 3239
 3219
 3198
 3177
 3156
 3135
 3115
 3094
 3073
 3052
 3031
 3011
 2990
 2969
 2948
 2928
 2907
 2886
 2865
 2844
 2824
 2803
 2782
 2761
 2741
 2720
 2699
 2678
 2658
 2637
 2616
 2595
 2575
 2554
 2533
 2513
 2492
 2471
 2451
 2430
 2409
 2388
 2367
 2347
 2326
 2305
 2284
 2264
 2243
 2222
 2202
 2181
 2160
 2139
 2119
 2098
 2077
 2057
 2036
 2016
 1995
 1975
 1954
 1934
 1913
 1893
 1873
 1853
 1833
 1812
 1792
 1772
 1752
 1732
 1712
 1692
 1672
 1652
 1632
 1612
 1592
 1573
 1553
 1534
 1514
 1495
 1476
 1457
 1438
 1420
 1401
 1382
 1364
 1345
 1327
 1309
 1291
 1273
 1255
 1238
 1220
 1202
 1185
 1169
 1152
 1136
 1120
 1104
 1088
 1072
 1057
 1042
 1027
 1013
 999
 985
 972
 959
 946
 933
 920
 908
 896
 884
 873
 863
 853
 843
 834
 826
 818
 811
 805
 799
 793
 788
 783
 779
 776
 774
 772
 771
 771
 771
 771
 773
 774
 777
 780
 785
 791
 797
 803
 810
 817
 825
 833
 841
 850
 860
 869
 880
 890
 902
 913
 925
 937
 949
 962
 975
 988
 1001
 1015
 1029
 1043
 1057
 1071
 1085
 1100
 1115
 1130
 1146
 1162
 1178
 1194
 1210
 1226
 1242
 1258
 1275
 1291
 1308
 1325
 1341
 1358
 1375
 1392
 1409
 1426
 1443
 1460
 1477
 1494
 1512
 1529
 1546
 1564
 1581
 1599
 1617
 1635
 1653
 1671
 1690
 1708
 1726
 1745
 1763
 1781
 1800
 1818
 1837
 1855
 1874
 1893
 1912
 1931
 1950
 1969
 1988
 2007
 2026
 2045
 2064
 2083
 2101
 2120
 2139
 2158
 2177
 2196
 2215
 2234
 2253
 2272
 2291
 2310
 2329
 2348
 2367
 2386
 2405
 2424
 2443
 2462
 2481
 2500
 2519
 2538
 2557
 2575
 2594
 2613
 2632
 2651
 2670
 2689
 2708
 2727
 2745
 2764
 2783
 2802
 2821
 2839
 2858
 2877
 2896
 2914
 2933
 2952
 2970
 2989
 3008
 3026
 3045
 3064
 3082
 3101
 3119
 3138
 3156
 3175
 3193
 3211
 3230
 3248
 3266
 3284
 3302
 3320
 3338
 3356
 3373
 3391
 3409
 3426
 3444
 3461
 3479
 3496
 3514
 3531
 3549
 3567
 3584
 3602
 3619
 3636
 3654
 3671
 3688
 3704
 3721
 3738
 3755
 3772
 3789
 3806
 3823
 3840
 3857
 3874
 3891
 3908
 3925
 3942
 3959
 3976
 3993
 4010
 4026
 4043
 4060
 4077
 4094
 4111
 4128
 4145
 4161
 4178
 4195
 4211
 4228
 4245
 4262
 4278
 4295
 4312
 4328
 4345
 4362
 4379
 4395
 4412
 4429
 4445
 4462
 4479
 4495
 4512
 4528
 4544
 4561
 4577
 4593
 4609
 4625
 4641
 4657
 4673
 4689
 4705
 4720
 4736
 4752
 4768
 4783
 4799
 4815
 4830
 4846
 4862
 4878
 4893
 4909
 4925
 4940
 4955
 4971
 4986
 5001
 5016
 5031
 5046
 5060
 5074
 5089
 5103
 5118
 5132
 5146
 5161
 5175
 5190
 5204
 5219
 5233
 5247
 5261
 5276
 5289
 5303
 5316
 5330
 5343
 5357
 5370
 5383
 5396
 5408
 5420
 5432
 5444
 5456
 5467
 5479
 5490
 5501
 5512
 5523
 5534
 5545
 5556
 5567
 5577
 5588
 5599
 5609
 5617
 5625
 5634
 5642
 5651
 5659
 5667
 5676
 5684
 5693
 5702
 5710
 5719
 5727
 5735
 5743
 5751
 5759
 5766
 5774
 5781
 5789
 5796
 5803
 5810
 5816
 5822
 5829
 5834
 5840
 5845
 5851
 5856
 5862
 5867
 5872
 5878
 5883
 5888
 5893
 5897
 5902
 5907
 5911
 5916
 5920
 5924
 5928
 5932
 5936
 5940
 5945
 5949
 5953
 5957
 5961
 5966
 5970
 5974
 5978
 5982
 5986
 5990
 5994
 5997
 5999
 6002
 6004
 6007
 6010
 6012
 6015
 6017
 6019
 6021
 6023
 6025
 6027
 6029
 6030
 6031
 6033
 6033
 6034
 6035
 6036
 6036
 6037
 6038
 6039
 6039
 6040
 6041
 6042
 6043
 6045
 6045
 6046
 6047
 6048
 6050
 6051
 6052
 6053
 6055
 6056
 6057
 6059
 6060
 6062
 6063
 6064
 6066
 6067
 6068
 6069
 6070
 6072
 6073
 6075
 6076
 6078
 6079
 6081
 6082
 6083
 6083
 6084
 6085
 6086
 6087
 6088
 6089
 6090
 6089
 6089
 6089
 6088
 6088
 6087
 6087
 6086
 6085
 6085
 6084
 6083
 6082
 6081
 6080
 6079
 6077
 6075
 6073
 6071
 6069
 6067
 6064
 6062
 6060
 6058
 6055
 6051
 6048
 6045
 6041
 6038
 6035
 6031
 6028
 6025
 6021
 6018
 6014
 6010
 6006
 6002
 5997
 5993
 5989
 5985
 5981
 5977
 5973
 5969
 5965
 5961
 5957
 5953
 5949
 5946
 5942
 5938
 5934
 5930
 5927
 5923
 5919
 5916
 5912
 5909
 5905
 5902
 5898
 5894
 5890
 5886
 5882
 5878
 5874
 5869
 5865
 5860
 5855
 5851
 5846
 5842
 5837
 5833
 5828
 5824
 5819
 5815
 5811
 5806
 5802
 5798
 5794
 5789
 5785
 5780
 5775
 5770
 5765
 5760
 5754
 5749
 5743
 5737
 5731
 5725
 5718
 5712
 5706
 5700
 5694
 5687
 5681
 5674
 5667
 5661
 5653
 5646
 5639
 5631
 5624
 5617
 5610
 5602
 5595
 5588
 5581
 5573
 5566
 5558
 5551
 5543
 5536
 5528
 5521
 5514
 5506
 5499
 5492
 5484
 5476
 5468
 5460
 5452
 5444
 5437
 5426
 5416
 5405
 5394
 5384
 5374
 5363
 5353
 5342
 5332
 5321
 5311
 5299
 5288
 5276
 5265
 5254
 5242
 5231
 5220
 5209
 5198
 5186
 5175
 5164
 5153
 5142
 5131
 5119
 5107
 5096
 5084
 5072
 5061
 5049
 5038
 5026
 5015
 5004
 4992
 4981
 4969
 4956
 4943
 4929
 4916
 4902
 4888
 4873
 4859
 4845
 4830
 4816
 4802
 4787
 4773
 4759
 4745
 4730
 4716
 4702
 4687
 4672
 4657
 4642
 4627
 4611
 4596
 4580
 4565
 4549
 4533
 4518
 4502
 4486
 4471
 4455
 4439
 4422
 4406
 4390
 4374
 4358
 4341
 4325
 4309
 4293
 4277
 4261
 4245
 4229
 4213
 4197
 4181
 4165
 4149
 4133
 4117
 4102
 4086
 4070
 4054
 4038
 4023
 4007
 3991
 3976
 3960
 3944
 3929
 3913
 3897
 3881
 3866
 3849
 3833
 3817
 3800
 3784
 3767
 3750
 3734
 3717
 3700
 3684
 3667
 3651
 3634
 3618
 3601
 3585
 3568
 3552
 3535
 3519
 3503
 3486
 3470
 3454
 3437
 3421
 3405
 3388
 3372
 3355
 3338
 3322
 3305
 3289
 3272
 3256
 3239
 3223
 3207
 3190
 3174
 3158
 3141
 3125
 3108
 3092
 3075
 3058
 3042
 3025
 3008
 2991
 2974
 2957
 2939
 2922
 2905
 2888
 2870
 2853
 2836
 2818
 2801
 2783
 2766
 2748
 2731
 2713
 2696
 2678
 2661
 2643
 2626
 2608
 2591
 2574
 2556
 2539
 2521
 2504
 2486
 2469
 2451
 2433
 2416
 2398
 2381
 2363
 2346
 2328
 2310
 2293
 2275
 2258
 2240
 2223
 2205
 2188
 2170
 2153
 2135
 2118
 2101
 2083
 2066
 2048
 2031
 2014
 1996
 1979
 1962
 1945
 1928
 1911
 1894
 1877
 1861
 1844
 1828
 1812
 1796
 1780
 1765
 1749
 1734
 1718
 1703
 1688
 1672
 1657
 1642
 1626
 1611
 1596
 1581
 1566
 1551
 1536
 1522
 1507
 1492
 1477
 1463
 1448
 1434
 1419
 1405
 1391
 1378
 1365
 1351
 1338
 1325
 1313
 1300
 1289
 1277
 1267
 1256
 1246
 1236
 1226
 1216
 1206
 1197
 1188
 1179
 1170
 1161
 1153
 1145
 1137
 1130
 1123
 1116
 1111
 1105
 1100
 1096
 1091
 1087
 1084
 1080
 1077
 1074
 1072
 1069
 1068
 1067
 1066
 1065
 1065
 1065
 1065
 1065
 1066
 1067
 1069
 1071
 1074
 1077
 1080
 1083
 1086
 1090
 1094
 1098
 1103
 1108
 1114
 1120
 1127
 1135
 1143
 1151
 1159
 1167
 1176
 1186
 1195
 1205
 1215
 1225
 1236
 1247
 1258
 1269
 1280
 1291
 1303
 1315
 1327
 1339
 1352
 1364
 1377
 1390
 1403
 1416
 1429
 1442
 1455
 1468
 1481
 1494
 1508
 1522
 1536
 1550
 1564
 1578
 1592
 1606
 1620
 1635
 1649
 1664
 1679
 1694
 1709
 1724
 1740
 1755
 1770
 1786
 1801
 1817
 1832
 1848
 1864
 1879
 1895
 1910
 1926
 1942
 1957
 1973
 1989
 2004
 2020
 2036
 2051
 2067
 2083
 2099
 2114
 2130
 2146
 2162
 2178
 2194
 2210
 2226
 2242
 2259
 2275
 2291
 2307
 2323
 2339
 2355
 2372
 2388
 2404
 2420
 2436
 2453
 2469
 2485
 2501
 2517
 2533
 2549
 2565
 2581
 2597
 2613
 2629
 2645
 2661
 2677
 2693
 2709
 2725
 2741
 2756
 2772
 2788
 2804
 2819
 2835
 2850
 2866
 2881
 2897
 2912
 2927
 2943
 2958
 2973
 2988
 3003
 3019
 3034
 3049
 3064
 3079
 3094
 3109
 3124
 3139
 3154
 3169
 3184
 3199
 3214
 3229
 3244
 3259
 3274
 3288
 3303
 3317
 3332
 3347
 3361
 3376
 3390
 3405
 3419
 3434
 3448
 3463
 3477
 3492
 3506
 3521
 3535
 3549
 3564
 3578
 3592
 3606
 3621
 3635
 3649
 3664
 3678
 3692
 3707
 3721
 3734
 3747
 3760
 3773
 3786
 3799
 3811
 3824
 3837
 3849
 3862
 3874
 3886
 3899
 3911
 3923
 3935
 3947
 3959
 3972
 3984
 3996
 4008
 4020
 4032
 4044
 4056
 4067
 4079
 4091
 4103
 4114
 4126
 4137
 4148
 4160
 4171
 4182
 4193
 4205
 4216
 4227
 4237
 4248
 4258
 4269
 4279
 4290
 4301
 4312
 4322
 4333
 4344
 4355
 4365
 4375
 4386
 4396
 4406
 4416
 4426
 4437
 4447
 4457
 4467
 4477
 4487
 4497
 4507
 4517
 4527
 4537
 4547
 4558
 4568
 4578
 4588
 4598
 4609
 4619
 4629
 4639
 4650
 4660
 4671
 4681
 4692
 4702
 4712
 4722
 4732
 4742
 4752
 4762
 4772
 4781
 4790
 4799
 4809
 4818
 4827
 4836
 4846
 4855
 4864
 4873
 4881
 4889
 4898
 4906
 4914
 4922
 4931
 4939
 4948
 4956
 4965
 4973
 4980
 4987
 4994
 5001
 5008
 5014
 5019
 5024
 5029
 5033
 5038
 5043
 5047
 5052
 5056
 5061
 5065
 5069
 5073
 5077
 5081
 5084
 5088
 5092
 5095
 5099
 5102
 5104
 5107
 5110
 5113
 5116
 5118
 5121
 5124
 5127
 5130
 5133
 5136
 5139
 5142
 5145
 5147
 5150
 5152
 5154
 5156
 5157
 5159
 5160
 5162
 5163
 5165
 5166
 5167
 5168
 5169
 5170
 5171
 5172
 5173
 5174
 5176
 5177
 5178
 5179
 5179
 5179
 5180
 5180
 5180
 5181
 5181
 5182
 5182
 5183
 5183
 5184
 5184
 5185
 5185
 5185
 5186
 5186
 5187
 5187
 5188
 5188
 5188
 5188
 5188
 5188
 5188
 5188
 5188
 5188
 5187
 5187
 5186
 5186
 5186
 5185
 5185
 5184
 5184
 5183
 5182
 5182
 5181
 5181
 5180
 5179
 5179
 5178
 5177
 5177
 5176
 5175
 5174
 5173
 5172
 5171
 5171
 5170
 5169
 5168
 5167
 5166
 5164
 5163
 5161
 5160
 5159
 5157
 5155
 5154
 5152
 5151
 5149
 5147
 5145
 5144
 5142
 5140
 5138
 5137
 5135
 5134
 5132
 5131
 5129
 5128
 5126
 5125
 5124
 5123
 5122
 5120
 5119
 5118
 5117
 5115
 5113
 5111
 5109
 5107
 5104
 5102
 5100
 5097
 5095
 5092
 5090
 5088
 5085
 5082
 5080
 5077
 5074
 5072
 5069
 5067
 5064
 5061
 5059
 5056
 5054
 5052
 5049
 5047
 5045
 5043
 5041
 5038
 5036
 5034
 5031
 5029
 5027
 5024
 5022
 5019
 5016
 5013
 5009
 5006
 5003
 4999
 4996
 4993
 4989
 4986
 4982
 4979
 4974
 4969
 4964
 4959
 4953
 4948
 4942
 4936
 4931
 4925
 4919
 4914
 4908
 4903
 4897
 4892
 4887
 4882
 4876
 4871
 4866
 4860
 4855
 4850
 4845
 4840
 4834
 4829
 4824
 4819
 4814
 4809
 4804
 4799
 4794
 4789
 4784
 4779
 4774
 4769
 4763
 4757
 4751
 4746
 4740
 4734
 4729
 4723
 4716
 4709
 4702
 4695
 4688
 4680
 4673
 4666
 4659
 4651
 4644
 4637
 4629
 4622
 4615
 4607
 4600
 4593
 4585
 4577
 4570
 4562
 4554
 4547
 4539
 4532
 4524
 4517
 4509
 4501
 4494
 4486
 4479
 4471
 4464
 4456
 4448
 4441
 4433
 4426
 4418
 4410
 4402
 4394
 4386
 4378
 4370
 4362
 4354
 4346
 4338
 4330
 4322
 4313
 4304
 4295
 4286
 4277
 4268
 4259
 4250
 4241
 4232
 4222
 4213
 4203
 4193
 4183
 4173
 4163
 4152
 4142
 4131
 4121
 4110
 4099
 4088
 4077
 4065
 4053
 4042
 4030
 4018
 4006
 3994
 3982
 3970
 3958
 3946
 3934
 3922
 3911
 3899
 3887
 3875
 3864
 3852
 3840
 3829
 3817
 3806
 3794
 3782
 3771
 3759
 3747
 3735
 3723
 3712
 3700
 3687
 3675
 3663
 3650
 3638
 3626
 3613
 3601
 3589
 3576
 3564
 3551
 3539
 3526
 3514
 3501
 3489
 3476
 3464
 3451
 3439
 3427
 3414
 3402
 3390
 3377
 3365
 3353
 3341
 3328
 3316
 3304
 3292
 3280
 3267
 3255
 3243
 3230
 3217
 3204
 3192
 3179
 3166
 3153
 3141
 3128
 3116
 3103
 3090
 3078
 3065
 3053
 3040
 3028
 3016
 3003
 2991
 2978
 2966
 2953
 2941
 2928
 2916
 2903
 2890
 2878
 2865
 2852
 2839
 2826
 2813
 2800
 2787
 2774
 2761
 2748
 2734
 2721
 2707
 2694
 2680
 2667
 2653
 2640
 2626
 2613
 2599
 2586
 2572
 2559
 2545
 2532
 2518
 2504
 2490
 2476
 2462
 2448
 2434
 2420
 2406
 2392
 2378
 2364
 2350
 2336
 2323
 2309
 2295
 2281
 2267
 2253
 2239
 2225
 2211
 2197
 2183
 2169
 2155
 2141
 2127
 2113
 2099
 2086
 2072
 2058
 2044
 2030
 2016
 2003
 1989
 1975
 1961
 1948
 1934
 1919
 1905
 1891
 1876
 1862
 1848
 1833
 1819
 1804
 1790
 1775
 1761
 1746
 1732
 1717
 1703
 1689
 1674
 1659
 1645
 1630
 1616
 1601
 1586
 1572
 1557
 1543
 1528
 1514
 1499
 1485
 1470
 1456
 1441
 1426
 1411
 1396
 1382
 1367
 1352
 1338
 1323
 1308
 1293
 1278
 1264
 1249
 1234
 1219
 1204
 1189
 1174
 1159
 1144
 1130
 1115
 1100
 1085
 1070
 1055
 1041
 1026
 1011
 996
 981
 967
 952
 937
 922
 908
 893
 878
 864
 849
 834
 820
 805
 790
 776
 761
 746
 732
 717
 703
 688
 674
 660
 645
 631
 616
 602
 588
 574
 560
 546
 532
 518
 504
 490
 477
 463
 450
 436
 423
 410
 397
 384
 371
 359
 346
 334
 323
 311
 300
 290
 280
 271
 262
 254
 246
 239
 232
 227
 222
 218
 215
 213
 212
 212
 213
 215
 217
 221
 226
 231
 238
 244
 252
 261
 269
 279
 289
 299
 309
 320
 332
 344
 356
 368
 380
 393
 405
 418
 431
 444
 458
 471
 484
 498
 511
 524
 538
 551
 565
 579
 592
 606
 620
 634
 648
 663
 677
 691
 705
 719
 734
 748
 762
 777
 791
 805
 820
 834
 848
 862
 877
 891
 905
 920
 934
 948
 962
 977
 991
 1005
 1020
 1034
 1048
 1062
 1077
 1091
 1105
 1119
 1133
 1148
 1162
 1176
 1190
 1204
 1218
 1232
 1246
 1260
 1274
 1288
 1302
 1316
 1330
 1344
 1357
 1371
 1385
 1399
 1413
 1426
 1440
 1454
 1468
 1482
 1495
 1509
 1523
 1537
 1551
 1565
 1578
 1592
 1606
 1620
 1633
 1647
 1661
 1674
 1688
 1701
 1715
 1728
 1741
 1755
 1768
 1781
 1794
 1808
 1820
 1833
 1845
 1858
 1870
 1883
 1895
 1908
 1919
 1931
 1942
 1954
 1966
 1977
 1989
 2000
 2012
 2023
 2035
 2047
 2058
 2070
 2081
 2093
 2104
 2116
 2127
 2139
 2150
 2161
 2173
 2184
 2195
 2206
 2217
 2228
 2239
 2250
 2261
 2272
 2283
 2294
 2305
 2317
 2328
 2339
 2350
 2361
 2372
 2383
 2394
 2405
 2417
 2428
 2439
 2450
 2460
 2470
 2479
 2489
 2498
 2507
 2517
 2526
 2535
 2545
 2554
 2563
 2573
 2582
 2591
 2600
 2608
 2617
 2626
 2635
 2645
 2654
 2663
 2672
 2681
 2690
 2699
 2708
 2717
 2726
 2735
 2744
 2753
 2763
 2772
 2781
 2791
 2800
 2809
 2819
 2828
 2838
 2847
 2857
 2867
 2876
 2886
 2896
 2905
 2915
 2925
 2935
 2945
 2954
 2964
 2974
 2984
 2994
 3004
 3014
 3024
 3034
 3044
 3055
 3064
 3073
 3082
 3091
 3101
 3110
 3119
 3128
 3137
 3145
 3154
 3163
 3171
 3179
 3187
 3196
 3204
 3212
 3220
 3229
 3237
 3245
 3253
 3262
 3270
 3278
 3286
 3295
 3303
 3312
 3320
 3329
 3337
 3345
 3354
 3362
 3370
 3379
 3387
 3396
 3404
 3412
 3420
 3428
 3436
 3444
 3452
 3461
 3469
 3477
 3485
 3494
 3502
 3510
 3518
 3526
 3534
 3541
 3549
 3557
 3565
 3573
 3580
 3588
 3596
 3604
 3611
 3618
 3626
 3633
 3640
 3647
 3654
 3661
 3668
 3675
 3682
 3688
 3695
 3701
 3708
 3714
 3721
 3728
 3734
 3741
 3748
 3754
 3761
 3767
 3774
 3781
 3787
 3794
 3801
 3807
 3814
 3821
 3827
 3834
 3841
 3847
 3854
 3861
 3867
 3873
 3879
 3886
 3892
 3898
 3904
 3911
 3916
 3922
 3927
 3933
 3938
 3943
 3949
 3954
 3960
 3965
 3971
 3976
 3981
 3985
 3989
 3994
 3998
 4003
 4007
 4012
 4016
 4020
 4025
 4029
 4033
 4038
 4042
 4046
 4050
 4054
 4058
 4062
 4065
 4068
 4072
 4075
 4078
 4081
 4084
 4088
 4091
 4094
 4097
 4100
 4103
 4105
 4108
 4111
 4113
 4116
 4118
 4120
 4123
 4125
 4128
 4130
 4133
 4135
 4138
 4140
 4142
 4144
 4147
 4149
 4151
 4153
 4155
 4157
 4159
 4161
 4164
 4166
 4168
 4170
 4171
 4172
 4173
 4174
 4175
 4176
 4177
 4177
 4178
 4178
 4179
 4180
 4180
 4181
 4182
 4183
 4183
 4184
 4185
 4186
 4187
 4188
 4190
 4191
 4192
 4193
 4195
 4196
 4197
 4199
 4200
 4202
 4203
 4205
 4206
 4208
 4210
 4212
 4213
 4215
 4217
 4219
 4221
 4223
 4224
 4225
 4226
 4228
 4228
 4229
 4230
 4230
 4231
 4232
 4233
 4233
 4234
 4234
 4234
 4234
 4234
 4233
 4233
 4233
 4232
 4232
 4231
 4231
 4230
 4229
 4226
 4224
 4222
 4219
 4216
 4214
 4211
 4208
 4206
 4203
 4201
 4198
 4196
 4194
 4192
 4189
 4187
 4185
 4183
 4180
 4178
 4176
 4173
 4171
 4169
 4167
 4165
 4162
 4160
 4158
 4156
 4154
 4152
 4149
 4147
 4144
 4141
 4139
 4136
 4134
 4131
 4128
 4126
 4123
 4121
 4118
 4115
 4112
 4110
 4107
 4104
 4101
 4098
 4096
 4093
 4090
 4087
 4083
 4080
 4077
 4073
 4070
 4067
 4064
 4061
 4058
 4054
 4051
 4048
 4044
 4041
 4038
 4034
 4031
 4027
 4024
 4020
 4016
 4013
 4009
 4005
 4002
 3998
 3995
 3991
 3988
 3985
 3981
 3978
 3975
 3972
 3969
 3966
 3963
 3959
 3955
 3950
 3945
 3939
 3934
 3929
 3924
 3919
 3913
 3908
 3903
 3898
 3893
 3887
 3882
 3876
 3870
 3865
 3859
 3853
 3847
 3841
 3835
 3828
 3822
 3815
 3809
 3803
 3796
 3790
 3784
 3778
 3772
 3766
 3760
 3754
 3747
 3741
 3736
 3730
 3724
 3718
 3712
 3706
 3700
 3694
 3688
 3681
 3674
 3668
 3661
 3654
 3647
 3641
 3634
 3627
 3621
 3614
 3608
 3601
 3594
 3587
 3580
 3573
 3565
 3558
 3551
 3544
 3537
 3529
 3522
 3515
 3508
 3501
 3493
 3486
 3479
 3472
 3465
 3459
 3452
 3445
 3438
 3431
 3425
 3418
 3412
 3405
 3398
 3392
 3386
 3379
 3373
 3367
 3360
 3354
 3348
 3342
 3336
 3330
 3324
 3318
 3312
 3306
 3300
 3294
 3289
 3282
 3275
 3269
 3263
 3256
 3249
 3243
 3236
 3230
 3223
 3217
 3210
 3204
 3197
 3190
 3184
 3177
 3170
 3163
 3157
 3150
 3144
 3137
 3130
 3123
 3116
 3110
 3103
 3096
 3090
 3083
 3077
 3070
 3063
 3056
 3050
 3043
 3036
 3030
 3023
 3016
 3010
 3004
 2997
 2991
 2985
 2978
 2972
 2966
 2960
 2954
 2948
 2942
 2936
 2929
 2923
 2917
 2911
 2905
 2899
 2892
 2886
 2879
 2872
 2865
 2858
 2850
 2843
 2835
 2827
 2819
 2811
 2802
 2793
 2784
 2775
 2767
 2758
 2749
 2741
 2732
 2723
 2715
 2706
 2698
 2689
 2680
 2672
 2663
 2654
 2645
 2635
 2625
 2615
 2605
 2595
 2585
 2574
 2563
 2553
 2542
 2531
 2520
 2509
 2498
 2487
 2476
 2464
 2453
 2442
 2430
 2419
 2408
 2397
 2385
 2374
 2363
 2351
 2340
 2329
 2317
 2306
 2295
 2283
 2272
 2261
 2249
 2238
 2227
 2215
 2204
 2192
 2181
 2169
 2158
 2146
 2135
 2123
 2111
 2100
 2088
 2077
 2064
 2052
 2039
 2027
 2014
 2002
 1989
 1977
 1964
 1952
 1939
 1927
 1914
 1902
 1889
 1877
 1865
 1852
 1840
 1827
 1815
 1803
 1790
 1778
 1766
 1754
 1741
 1729
 1717
 1705
 1692
 1680
 1668
 1656
 1643
 1631
 1619
 1607
 1594
 1582
 1570
 1557
 1545
 1532
 1520
 1508
 1495
 1482
 1470
 1457
 1445
 1432
 1419
 1407
 1394
 1381
 1368
 1356
 1343
 1330
 1318
 1305
 1292
 1279
 1267
 1254
 1241
 1228
 1216
 1203
 1190
 1177
 1164
 1152
 1139
 1126
 1114
 1101
 1088
 1075
 1062
 1050
 1037
 1024
 1011
 999
 986
 973
 960
 948
 935
 922
 909
 897
 884
 871
 858
 845
 833
 820
 807
 794
 782
 769
 756
 743
 731
 718
 705
 692
 680
 667
 654
 641
 629
 616
 603
 590
 577
 565
 552
 539
 526
 513
 501
 488
 475
 462
 450
 437
 424
 411
 398
 386
 373
 360
 347
 335
 322
 309
 297
 284
 271
 259
 246
 234
 222
 209
 198
 186
 175
 164
 153
 142
 132
 122
 113
 105
 98
 91
 87
 85
 84
 85
 88
 93
 99
 107
 115
 124
 133
 143
 154
 165
 176
 187
 198
 210
 221
 233
 245
 257
 269
 281
 293
 305
 317
 329
 341
 354
 366
 378
 390
 403
 415
 427
 440
 452
 464
 477
 489
 501
 514
 526
 539
 551
 564
 576
 589
 601
 614
 626
 639
 651
 664
 676
 689
 701
 714
 726
 739
 751
 764
 776
 789
 801
 814
 826
 839
 851
 864
 876
 888
 901
 913
 926
 938
 951
 963
 975
 988
 1000
 1012
 1025
 1037
 1049
 1062
 1074
 1086
 1098
 1110
 1122
 1134
 1147
 1159
 1171
 1183
 1195
 1207
 1219
 1231
 1243
 1255
 1267
 1278
 1290
 1302
 1314
 1326
 1337
 1349
 1361
 1373
 1385
 1397
 1408
 1420
 1431
 1443
 1454
 1466
 1478
 1489
 1501
 1512
 1524
 1535
 1547
 1558
 1570
 1581
 1593
 1605
 1616
 1628
 1639
 1651
 1663
 1674
 1685
 1696
 1708
 1719
 1730
 1742
 1753
 1764
 1775
 1786
 1798
 1809
 1820
 1831
 1842
 1853
 1864
 1875
 1886
 1897
 1908
 1919
 1930
 1941
 1952
 1963
 1974
 1985
 1996
 2006
 2017
 2028
 2039
 2050
 2060
 2071
 2082
 2092
 2103
 2113
 2124
 2135
 2145
 2156
 2167
 2178
 2188
 2199
 2209
 2220
 2231
 2241
 2252
 2263
 2273
 2284
 2295
 2305
 2316
 2327
 2337
 2348
 2359
 2370
 2380
 2391
 2401
 2411
 2421
 2432
 2442
 2452
 2461
 2471
 2481
 2491
 2501
 2510
 2520
 2530
 2539
 2549
 2559
 2568
 2577
 2586
 2595
 2605
 2614
 2623
 2633
 2642
 2651
 2660
 2669
 2678
 2687
 2696
 2705
 2714
 2723
 2732
 2741
 2751
 2760
 2769
 2778
 2787
 2797
 2806
 2815
 2823
 2831
 2839
 2846
 2854
 2862
 2870
 2878
 2885
 2892
 2899
 2906
 2913
 2920
 2927
 2934
 2941
 2949
 2956
 2963
 2970
 2978
 2985
 2992
 3000
 3007
 3015
 3022
 3030
 3037
 3045
 3052
 3060
 3067
 3074
 3081
 3088
 3095
 3102
 3109
 3115
 3122
 3128
 3135
 3142
 3149
 3155
 3162
 3168
 3175
 3181
 3188
 3195
 3202
 3208
 3215
 3221
 3228
 3234
 3240
 3247
 3253
 3259
 3264
 3270
 3276
 3281
 3287
 3293
 3299
 3304
 3309
 3315
 3320
 3325
 3330
 3336
 3341
 3346
 3351
 3356
 3361
 3365
 3370
 3375
 3379
 3384
 3389
 3394
 3398
 3403
 3408
 3413
 3418
 3423
 3427
 3432
 3436
 3441
 3446
 3451
 3455
 3460
 3464
 3469
 3473
 3477
 3482
 3486
 3491
 3495
 3500
 3504
 3508
 3512
 3516
 3520
 3525
 3529
 3533
 3537
 3541
 3545
 3550
 3554
 3558
 3563
 3567
 3572
 3576
 3580
 3585
 3589
 3593
 3597
 3601
 3604
 3607
 3610
 3613
 3616
 3619
 3622
 3624
 3627
 3630
 3632
 3635
 3637
 3640
 3643
 3645
 3648
 3651
 3653
 3656
 3658
 3660
 3662
 3665
 3667
 3670
 3672
 3674
 3677
 3679
 3682
 3684
 3686
 3688
 3690
 3692
 3693
 3694
 3695
 3696
 3697
 3698
 3699
 3700
 3701
 3702
 3703
 3705
 3706
 3707
 3708
 3709
 3710
 3711
 3712
 3713
 3715
 3716
 3717
 3718
 3720
 3721
 3722
 3722
 3723
 3723
 3724
 3725
 3725
 3726
 3726
 3727
 3727
 3727
 3727
 3726
 3726
 3725
 3724
 3723
 3722
 3721
 3721
 3720
 3719
 3718
 3718
 3717
 3716
 3714
 3712
 3711
 3709
 3707
 3706
 3704
 3702
 3700
 3698
 3696
 3694
 3692
 3690
 3688
 3687
 3685
 3683
 3681
 3679
 3678
 3676
 3674
 3673
 3671
 3669
 3668
 3667
 3665
 3664
 3662
 3661
 3660
 3659
 3657
 3656
 3655
 3654
 3653
 3652
 3651
 3650
 3649
 3648
 3647
 3646
 3644
 3643
 3642
 3641
 3639
 3638
 3637
 3636
 3635
 3634
 3633
 3632
 3631
 3630
 3629
 3629
 3628
 3627
 3627
 3626
 3625
 3624
 3623
 3622
 3621
 3620
 3619
 3618
 3617
 3616
 3615
 3614
 3614
 3613
 3612
 3612
 3611
 3610
 3610
 3609
 3609
 3609
 3608
 3608
 3608
 3607
 3607
 3607
 3607
 3607
 3607
 3607
 3607
 3607
 3607
 3607
 3607
 3607
 3606
 3606
 3606
 3605
 3605
 3605
 3605
 3605
 3605
 3605
 3605
 3605
 3605
 3605
 3605
 3605
 3605
 3606
 3606
 3606
 3607
 3607
 3608
 3608
 3609
 3609
 3610
 3611
 3611
 3612
 3613
 3613
 3614
 3615
 3616
 3617
 3618
 3619
 3620
 3621
 3622
 3624
 3625
 3626
 3627
 3629
 3630
 3631
 3633
 3634
 3636
 3637
 3639
 3641
 3642
 3644
 3646
 3647
 3649
 3651
 3653
 3654
 3655
 3656
 3657
 3658
 3659
 3660
 3660
 3661
 3662
 3662
 3663
 3664
 3665
 3664
 3663
 3662
 3660
 3659
 3657
 3656
 3654
 3653
 3651
 3649
 3647
 3645
 3643
 3641
 3640
 3638
 3636
 3634
 3633
 3631
 3629
 3627
 3625
 3623
 3621
 3619
 3617
 3616
 3614
 3612
 3610
 3607
 3605
 3603
 3600
 3598
 3596
 3593
 3591
 3588
 3586
 3583
 3580
 3578
 3575
 3573
 3570
 3567
 3565
 3563
 3560
 3557
 3554
 3551
 3549
 3546
 3543
 3540
 3537
 3533
 3530
 3526
 3523
 3519
 3516
 3512
 3509
 3505
 3502
 3498
 3495
 3492
 3488
 3485
 3481
 3477
 3474
 3470
 3466
 3462
 3458
 3454
 3450
 3445
 3441
 3436
 3432
 3427
 3423
 3418
 3413
 3409
 3404
 3399
 3395
 3390
 3385
 3380
 3375
 3371
 3366
 3361
 3357
 3352
 3347
 3343
 3338
 3334
 3329
 3325
 3320
 3316
 3311
 3306
 3300
 3295
 3290
 3284
 3279
 3274
 3268
 3263
 3257
 3252
 3246
 3241
 3235
 3230
 3224
 3219
 3213
 3208
 3202
 3196
 3191
 3185
 3179
 3173
 3167
 3161
 3155
 3149
 3143
 3137
 3131
 3125
 3119
 3113
 3108
 3102
 3096
 3090
 3085
 3079
 3073
 3067
 3061
 3055
 3049
 3043
 3037
 3030
 3024
 3018
 3011
 3005
 2998
 2992
 2985
 2979
 2972
 2965
 2959
 2952
 2945
 2938
 2931
 2923
 2916
 2909
 2902
 2895
 2888
 2880
 2873
 2866
 2859
 2851
 2844
 2837
 2830
 2822
 2815
 2807
 2800
 2793
 2785
 2778
 2771
 2763
 2756
 2749
 2742
 2735
 2728
 2721
 2714
 2707
 2700
 2693
 2686
 2679
 2673
 2666
 2659
 2653
 2646
 2639
 2633
 2626
 2619
 2612
 2605
 2599
 2592
 2585
 2578
 2571
 2564
 2557
 2550
 2543
 2536
 2529
 2522
 2516
 2509
 2502
 2495
 2488
 2482
 2475
 2468
 2461
 2454
 2446
 2439
 2431
 2423
 2416
 2408
 2400
 2392
 2385
 2377
 2369
 2362
 2354
 2346
 2339
 2331
 2323
 2315
 2307
 2299
 2290
 2281
 2272
 2263
 2254
 2245
 2236
 2227
 2218
 2209
 2200
 2191
 2181
 2172
 2163
 2154
 2144
 2135
 2125
 2115
 2106
 2096
 2086
 2076
 2066
 2056
 2046
 2036
 2026
 2016
 2006
 1996
 1986
 1976
 1966
 1956
 1946
 1936
 1925
 1915
 1905
 1895
 1885
 1875
 1865
 1855
 1845
 1834
 1824
 1814
 1804
 1794
 1783
 1773
 1763
 1752
 1742
 1732
 1721
 1711
 1700
 1690
 1680
 1669
 1659
 1648
 1638
 1627
 1617
 1606
 1595
 1585
 1575
 1564
 1554
 1543
 1533
 1522
 1512
 1502
 1491
 1481
 1471
 1460
 1450
 1440
 1429
 1419
 1409
 1398
 1388
 1378
 1367
 1357
 1346
 1336
 1326
 1315
 1305
 1294
 1283
 1273
 1262
 1252
 1241
 1230
 1220
 1209
 1198
 1187
 1176
 1165
 1154
 1143
 1132
 1121
 1110
 1099
 1088
 1077
 1066
 1055
 1044
 1034
 1023
 1012
 1001
 990
 979
 968
 957
 946
 935
 924
 913
 902
 892
 881
 870
 859
 848
 837
 826
 815
 804
 794
 783
 772
 761
 750
 739
 728
 717
 706
 695
 684
 673
 662
 651
 640
 629
 618
 607
 596
 585
 574
 563
 552
 541
 530
 519
 508
 497
 486
 476
 465
 454
 443
 432
 421
 410
 399
 389
 378
 367
 356
 345
 335
 324
 313
 302
 292
 281
 271
 260
 250
 239
 229
 219
 209
 198
 188
 178
 169
 159
 149
 139
 129
 120
 111
 102
 94
 87
 80
 75
 71
 68
 67
 67
 68
 71
 76
 82
 88
 95
 103
 112
 121
 130
 139
 149
 158
 168
 178
 188
 198
 208
 219
 229
 240
 250
 261
 271
 282
 293
 303
 314
 324
 335
 345
 356
 366
 377
 387
 398
 408
 419
 429
 439
 450
 460
 471
 481
 491
 502
 512
 523
 533
 544
 554
 565
 575
 586
 597
 607
 618
 628
 639
 649
 660
 670
 680
 691
 701
 711
 721
 731
 742
 752
 762
 772
 782
 792
 802
 812
 822
 832
 842
 852
 862
 872
 882
 892
 902
 912
 923
 933
 943
 953
 963
 973
 984
 994
 1004
 1013
 1023
 1033
 1042
 1051
 1061
 1070
 1080
 1089
 1098
 1108
 1117
 1127
 1136
 1145
 1155
 1164
 1173
 1182
 1191
 1200
 1209
 1219
 1228
 1237
 1246
 1255
 1265
 1274
 1283
 1292
 1302
 1311
 1321
 1330
 1339
 1349
 1358
 1367
 1377
 1386
 1395
 1405
 1414
 1423
 1432
 1441
 1449
 1458
 1467
 1475
 1484
 1492
 1500
 1508
 1516
 1524
 1532
 1540
 1548
 1556
 1563
 1572
 1580
 1588
 1596
 1604
 1612
 1620
 1628
 1636
 1644
 1652
 1660
 1668
 1676
 1684
 1692
 1700
 1709
 1717
 1725
 1733
 1741
 1750
 1758
 1766
 1774
 1783
 1791
 1800
 1808
 1816
 1825
 1833
 1842
 1850
 1859
 1868
 1876
 1885
 1893
 1902
 1911
 1919
 1928
 1937
 1946
 1954
 1963
 1972
 1981
 1989
 1998
 2006
 2015
 2023
 2032
 2040
 2049
 2057
 2065
 2074
 2082
 2090
 2098
 2106
 2114
 2122
 2130
 2137
 2145
 2152
 2160
 2167
 2175
 2182
 2190
 2197
 2205
 2212
 2220
 2227
 2235
 2242
 2250
 2257
 2264
 2272
 2279
 2287
 2294
 2301
 2309
 2316
 2323
 2330
 2337
 2343
 2350
 2357
 2363
 2370
 2377
 2383
 2390
 2397
 2403
 2409
 2415
 2422
 2428
 2434
 2440
 2446
 2452
 2459
 2465
 2471
 2477
 2483
 2489
 2495
 2501
 2507
 2513
 2519
 2525
 2530
 2536
 2541
 2547
 2553
 2558
 2564
 2570
 2575
 2581
 2586
 2592
 2597
 2603
 2608
 2613
 2618
 2624
 2629
 2634
 2638
 2643
 2648
 2652
 2657
 2662
 2666
 2670
 2675
 2679
 2683
 2688
 2692
 2697
 2701
 2706
 2711
 2715
 2720
 2725
 2729
 2734
 2739
 2744
 2749
 2753
 2758
 2762
 2767
 2771
 2776
 2780
 2784
 2789
 2793
 2797
 2802
 2806
 2810
 2814
 2818
 2822
 2826
 2830
 2834
 2838
 2841
 2845
 2848
 2851
 2854
 2857
 2860
 2863
 2866
 2869
 2871
 2874
 2877
 2879
 2882
 2885
 2887
 2890
 2893
 2896
 2898
 2900
 2903
 2905
 2907
 2909
 2912
 2914
 2916
 2918
 2920
 2922
 2925
 2927
 2929
 2932
 2934
 2937
 2939
 2942
 2944
 2947
 2949
 2952
 2955
 2957
 2960
 2962
 2965
 2968
 2970
 2973
 2976
 2978
 2981
 2984
 2987
 2990
 2993
 2996
 2999
 3002
 3005
 3008
 3011
 3014
 3017
 3019
 3022
 3025
 3027
 3029
 3031
 3033
 3035
 3037
 3039
 3041
 3042
 3044
 3046
 3049
 3051
 3053
 3055
 3057
 3059
 3062
 3064
 3066
 3069
 3071
 3073
 3076
 3078
 3081
 3083
 3086
 3088
 3091
 3093
 3096
 3098
 3100
 3101
 3102
 3104
 3105
 3106
 3108
 3109
 3111
 3112
 3113
 3115
 3116
 3117
 3118
 3119
 3120
 3120
 3120
 3121
 3121
 3122
 3122
 3122
 3123
 3123
 3123
 3124
 3124
 3125
 3125
 3126
 3127
 3127
 3128
 3129
 3129
 3130
 3131
 3131
 3132
 3133
 3134
 3135
 3136
 3137
 3137
 3138
 3139
 3139
 3139
 3139
 3140
 3139
 3139
 3139
 3139
 3138
 3137
 3137
 3136
 3135
 3134
 3134
 3133
 3132
 3131
 3129
 3128
 3126
 3125
 3123
 3122
 3120
 3118
 3116
 3114
 3112
 3110
 3108
 3107
 3105
 3103
 3101
 3099
 3096
 3094
 3092
 3090
 3088
 3086
 3084
 3082
 3080
 3078
 3076
 3074
 3072
 3070
 3069
 3067
 3065
 3063
 3061
 3060
 3058
 3056
 3054
 3053
 3051
 3049
 3046
 3044
 3042
 3040
 3037
 3035
 3033
 3030
 3028
 3026
 3023
 3020
 3018
 3015
 3012
 3009
 3006
 3002
 2998
 2995
 2991
 2987
 2983
 2979
 2976
 2972
 2968
 2965
 2961
 2958
 2954
 2951
 2947
 2944
 2940
 2936
 2932
 2928
 2924
 2920
 2916
 2912
 2908
 2904
 2900
 2897
 2893
 2889
 2885
 2882
 2877
 2873
 2869
 2864
 2860
 2855
 2850
 2845
 2840
 2835
 2830
 2825
 2820
 2815
 2810
 2805
 2800
 2794
 2789
 2783
 2778
 2773
 2767
 2762
 2757
 2751
 2746
 2741
 2735
 2730
 2725
 2720
 2714
 2709
 2704
 2699
 2694
 2688
 2683
 2677
 2671
 2665
 2659
 2654
 2647
 2641
 2635
 2628
 2622
 2616
 2609
 2603
 2597
 2591
 2584
 2578
 2572
 2566
 2560
 2554
 2548
 2542
 2535
 2528
 2521
 2514
 2508
 2501
 2494
 2487
 2480
 2473
 2466
 2459
 2452
 2445
 2438
 2431
 2424
 2417
 2409
 2402
 2395
 2388
 2380
 2373
 2366
 2358
 2351
 2344
 2336
 2329
 2321
 2314
 2306
 2298
 2291
 2283
 2275
 2267
 2260
 2252
 2244
 2236
 2228
 2221
 2212
 2204
 2195
 2187
 2179
 2170
 2162
 2153
 2145
 2137
 2129
 2120
 2112
 2103
 2095
 2086
 2078
 2069
 2061
 2052
 2044
 2035
 2027
 2019
 2010
 2002
 1993
 1984
 1976
 1967
 1958
 1948
 1939
 1930
 1921
 1912
 1903
 1894
 1885
 1875
 1866
 1857
 1848
 1839
 1829
 1820
 1811
 1802
 1793
 1784
 1774
 1765
 1756
 1746
 1737
 1728
 1718
 1709
 1699
 1690
 1681
 1671
 1662
 1652
 1643
 1633
 1623
 1613
 1603
 1594
 1584
 1574
 1564
 1554
 1544
 1534
 1524
 1514
 1504
 1494
 1484
 1474
 1464
 1453
 1443
 1433
 1423
 1413
 1403
 1393
 1383
 1373
 1362
 1352
 1342
 1332
 1322
 1311
 1301
 1291
 1281
 1270
 1260
 1250
 1240
 1229
 1219
 1209
 1198
 1188
 1178
 1168
 1157
 1147
 1137
 1127
 1116
 1106
 1096
 1086
 1075
 1065
 1055
 1045
 1034
 1024
 1014
 1004
 993
 983
 973
 963
 953
 943
 933
 923
 913
 903
 893
 884
 874
 864
 855
 845
 835
 826
 817
 807
 798
 789
 779
 770
 761
 752
 743
 734
 725
 716
 707
 698
 689
 681
 672
 663
 655
 646
 638
 630
 621
 613
 605
 597
 589
 582
 575
 567
 561
 554
 548
 541
 536
 530
 525
 521
 517
 512
 509
 505
 502
 499
 496
 494
 491
 489
 487
 486
 484
 483
 483
 482
 482
 482
 483
 484
 485
 486
 488
 490
 492
 495
 498
 501
 505
 509
 513
 518
 522
 527
