  6.1300000e-004
  6.1300000e-004
  6.1300000e-004
  6.1300000e-004
  1.2250000e-003
  1.2250000e-003
  2.0920000e-003
  2.0920000e-003
  2.0920000e-003
  2.0920000e-003
  9.8470000e-003
  9.8470000e-003
  1.0714000e-002
  1.0714000e-002
  1.0714000e-002
  1.0714000e-002
  1.3419000e-002
  1.3419000e-002
  1.5765000e-002
  1.5765000e-002
  1.6377000e-002
  1.6377000e-002
  1.7857000e-002
  1.7857000e-002
  2.1428000e-002
  2.1428000e-002
  2.1428000e-002
  2.1428000e-002
  2.1428000e-002
  2.1428000e-002
  2.1428000e-002
  2.1428000e-002
  2.1428000e-002
  2.1428000e-002
  2.1428000e-002
  2.1428000e-002
  2.1428000e-002
  2.1428000e-002
  2.1428000e-002
  2.1428000e-002
  2.1428000e-002
  2.1428000e-002
  2.4387000e-002
  2.4387000e-002
  2.4387000e-002
  2.4387000e-002
  3.2142000e-002
  3.2142000e-002
  3.3621000e-002
  3.3621000e-002
  3.6326000e-002
  3.6326000e-002
  3.6580000e-002
  3.6580000e-002
  3.6580000e-002
  3.6580000e-002
  3.6580000e-002
  3.6580000e-002
  3.6580000e-002
  3.6580000e-002
  3.6580000e-002
  3.6580000e-002
  3.6580000e-002
  3.6580000e-002
  3.9285000e-002
  3.9285000e-002
  4.1631000e-002
  4.1631000e-002
  4.1631000e-002
  4.1631000e-002
  4.1631000e-002
  4.1631000e-002
  4.1631000e-002
  4.1631000e-002
  4.1631000e-002
  4.1631000e-002
  4.1631000e-002
  4.1631000e-002
  4.1631000e-002
  4.1631000e-002
  4.1631000e-002
  4.1631000e-002
  4.1631000e-002
  4.1631000e-002
  4.1631000e-002
  4.1631000e-002
  4.2856000e-002
  4.2856000e-002
  4.3723000e-002
  4.3723000e-002
  4.3723000e-002
  4.3723000e-002
  4.3723000e-002
  4.3723000e-002
  4.7294000e-002
  4.7294000e-002
  4.8773000e-002
  4.8773000e-002
  4.8773000e-002
  4.8773000e-002
  5.0865000e-002
  5.0865000e-002
  5.0865000e-002
  5.0865000e-002
  5.0865000e-002
  5.0865000e-002
  5.1478000e-002
  5.1478000e-002
  5.5916000e-002
  5.5916000e-002
  5.5916000e-002
  5.5916000e-002
  5.7141000e-002
  5.7141000e-002
  6.7855000e-002
  6.7855000e-002
  6.9589000e-002
  6.9589000e-002
  6.9589000e-002
  6.9589000e-002
  7.0201000e-002
  7.0201000e-002
  7.0201000e-002
  7.0201000e-002
  7.1068000e-002
  7.1068000e-002
  7.1068000e-002
  7.1068000e-002
  7.1068000e-002
  7.1068000e-002
  7.1068000e-002
  7.1068000e-002
  7.4385000e-002
  7.4385000e-002
  7.5252000e-002
  7.5252000e-002
  7.6731000e-002
  7.6731000e-002
  7.9436000e-002
  7.9436000e-002
  7.9436000e-002
  7.9436000e-002
  7.9436000e-002
  7.9436000e-002
  8.2395000e-002
  8.2395000e-002
  8.3261000e-002
  8.3261000e-002
  8.3261000e-002
  8.3261000e-002
  8.6832000e-002
  8.6832000e-002
  8.9537000e-002
  8.9537000e-002
  9.1883000e-002
  9.1883000e-002
  9.1883000e-002
  9.1883000e-002
  9.1883000e-002
  9.1883000e-002
  9.1883000e-002
  9.1883000e-002
  9.1883000e-002
  9.1883000e-002
  9.1883000e-002
  9.1883000e-002
  9.1883000e-002
  9.1883000e-002
  9.1883000e-002
  9.1883000e-002
  9.1883000e-002
  9.1883000e-002
  9.1883000e-002
  9.1883000e-002
  9.1883000e-002
  9.1883000e-002
  9.1883000e-002
  9.1883000e-002
  9.1883000e-002
  9.1883000e-002
  9.1883000e-002
  9.1883000e-002
  9.1883000e-002
  9.1883000e-002
  9.3721000e-002
  9.3721000e-002
  9.4588000e-002
  9.4588000e-002
  9.4588000e-002
  9.4588000e-002
  9.4588000e-002
  9.4588000e-002
  9.5201000e-002
  9.5201000e-002
  9.5454000e-002
  9.5454000e-002
  9.5454000e-002
  9.5454000e-002
  9.5454000e-002
  9.5454000e-002
  9.6067000e-002
  9.6067000e-002
  1.0259700e-001
  1.0259700e-001
  1.0764800e-001
  1.0764800e-001
  1.0764800e-001
  1.0764800e-001
  1.0887300e-001
  1.0887300e-001
  1.0974000e-001
  1.0974000e-001
  1.0974000e-001
  1.0974000e-001
  1.0974000e-001
  1.0974000e-001
  1.0974000e-001
  1.0974000e-001
  1.0974000e-001
  1.0974000e-001
  1.1121900e-001
  1.1121900e-001
  1.1331100e-001
  1.1331100e-001
  1.1331100e-001
  1.1331100e-001
  1.1331100e-001
  1.1331100e-001
  1.1479000e-001
  1.1479000e-001
  1.1479000e-001
  1.1479000e-001
  1.1479000e-001
  1.1479000e-001
  1.1688200e-001
  1.1688200e-001
  1.1688200e-001
  1.1688200e-001
  1.1688200e-001
  1.1688200e-001
  1.1688200e-001
  1.1688200e-001
  1.1688200e-001
  1.1688200e-001
  1.2045400e-001
  1.2045400e-001
  1.2132000e-001
  1.2132000e-001
  1.2132000e-001
  1.2132000e-001
  1.2132000e-001
  1.2132000e-001
  1.2193300e-001
  1.2193300e-001
  1.2402500e-001
  1.2402500e-001
  1.2489200e-001
  1.2489200e-001
  1.2489200e-001
  1.2489200e-001
  1.2759600e-001
  1.2759600e-001
  1.2759600e-001
  1.2759600e-001
  1.2846300e-001
  1.2846300e-001
  1.3203400e-001
  1.3203400e-001
  1.3203400e-001
  1.3203400e-001
  1.3203400e-001
  1.3203400e-001
  1.3203400e-001
  1.3203400e-001
  1.3351400e-001
  1.3351400e-001
  1.3412600e-001
  1.3412600e-001
  1.3412600e-001
  1.3412600e-001
  1.3560600e-001
  1.3560600e-001
  1.3708500e-001
  1.3708500e-001
  1.3708500e-001
  1.3708500e-001
  1.3769800e-001
  1.3769800e-001
  1.3831000e-001
  1.3831000e-001
  1.3917700e-001
  1.3917700e-001
  1.3917700e-001
  1.3917700e-001
  1.3917700e-001
  1.3917700e-001
  1.3917700e-001
  1.3917700e-001
  1.4065600e-001
  1.4065600e-001
  1.4545300e-001
  1.4545300e-001
  1.4570700e-001
  1.4570700e-001
  1.4693200e-001
  1.4693200e-001
  1.4841200e-001
  1.4841200e-001
  1.4902400e-001
  1.4902400e-001
  1.4902400e-001
  1.4902400e-001
  1.4927800e-001
  1.4927800e-001
  1.4927800e-001
  1.4927800e-001
  1.4927800e-001
  1.4927800e-001
  1.5137000e-001
  1.5137000e-001
  1.5137000e-001
  1.5137000e-001
  1.5432900e-001
  1.5432900e-001
  1.5432900e-001
  1.5432900e-001
  1.5432900e-001
  1.5432900e-001
  1.5432900e-001
  1.5432900e-001
  1.5432900e-001
  1.5432900e-001
  1.5432900e-001
  1.5432900e-001
  1.5555400e-001
  1.5555400e-001
  1.5703400e-001
  1.5703400e-001
  1.5764600e-001
  1.5764600e-001
  1.6060500e-001
  1.6060500e-001
  1.6295100e-001
  1.6295100e-001
  1.6295100e-001
  1.6295100e-001
  1.6565600e-001
  1.6565600e-001
  1.6565600e-001
  1.6565600e-001
  1.6713500e-001
  1.6713500e-001
  1.7723600e-001
  1.7723600e-001
  1.8080800e-001
  1.8080800e-001
  1.8080800e-001
  1.8080800e-001
  1.8228700e-001
  1.8228700e-001
  1.8290000e-001
  1.8290000e-001
  1.8290000e-001
  1.8290000e-001
  1.8351200e-001
  1.8351200e-001
  1.8376600e-001
  1.8376600e-001
  1.8376600e-001
  1.8376600e-001
  1.8376600e-001
  1.8376600e-001
  1.8376600e-001
  1.8376600e-001
  1.8376600e-001
  1.8376600e-001
  1.8376600e-001
  1.8376600e-001
  1.8376600e-001
  1.8376600e-001
  1.8376600e-001
  1.8376600e-001
  1.8585800e-001
  1.8585800e-001
  1.8708400e-001
  1.8708400e-001
  1.8733800e-001
  1.8733800e-001
  1.8733800e-001
  1.8733800e-001
  1.8733800e-001
  1.8733800e-001
  1.8733800e-001
  1.8733800e-001
  1.8733800e-001
  1.8733800e-001
  1.9090900e-001
  1.9090900e-001
  1.9090900e-001
  1.9090900e-001
  1.9090900e-001
  1.9090900e-001
  1.9090900e-001
  1.9090900e-001
  1.9238800e-001
  1.9238800e-001
  1.9238800e-001
  1.9238800e-001
  1.9718500e-001
  1.9718500e-001
  1.9718500e-001
  1.9718500e-001
  1.9718500e-001
  1.9718500e-001
  1.9805200e-001
  1.9805200e-001
  1.9805200e-001
  1.9805200e-001
  1.9805200e-001
  1.9805200e-001
  1.9805200e-001
  1.9805200e-001
  2.0519400e-001
  2.0519400e-001
  2.0519400e-001
  2.0519400e-001
  2.0642000e-001
  2.0642000e-001
  2.0667400e-001
  2.0667400e-001
  2.0815300e-001
  2.0815300e-001
  2.0815300e-001
  2.0815300e-001
  2.0815300e-001
  2.0815300e-001
  2.0876600e-001
  2.0876600e-001
  2.1024500e-001
  2.1024500e-001
  2.1172400e-001
  2.1172400e-001
  2.1677500e-001
  2.1677500e-001
  2.1861300e-001
  2.1861300e-001
  2.2157200e-001
  2.2157200e-001
  2.2243800e-001
  2.2243800e-001
  2.2243800e-001
  2.2243800e-001
  2.2600900e-001
  2.2600900e-001
  2.2748900e-001
  2.2748900e-001
  2.2748900e-001
  2.2748900e-001
  2.2748900e-001
  2.2748900e-001
  2.3167300e-001
  2.3167300e-001
  2.3376500e-001
  2.3376500e-001
  2.3401900e-001
  2.3401900e-001
  2.3401900e-001
  2.3401900e-001
  2.3672400e-001
  2.3672400e-001
  2.3672400e-001
  2.3672400e-001
  2.3759000e-001
  2.3759000e-001
  2.3759000e-001
  2.3759000e-001
  2.4177400e-001
  2.4177400e-001
  2.4264100e-001
  2.4264100e-001
  2.4264100e-001
  2.4264100e-001
  2.4264100e-001
  2.4264100e-001
  2.4264100e-001
  2.4264100e-001
  2.4264100e-001
  2.4264100e-001
  2.4264100e-001
  2.4264100e-001
  2.4264100e-001
  2.4264100e-001
  2.4264100e-001
  2.4264100e-001
  2.4264100e-001
  2.4264100e-001
  2.4264100e-001
  2.4264100e-001
  2.4264100e-001
  2.4264100e-001
  2.4264100e-001
  2.4264100e-001
  2.4264100e-001
  2.4264100e-001
  2.4264100e-001
  2.4264100e-001
  2.4386600e-001
  2.4386600e-001
  2.4621200e-001
  2.4621200e-001
  2.4621200e-001
  2.4621200e-001
  2.4891700e-001
  2.4891700e-001
  2.4978300e-001
  2.4978300e-001
  2.5692600e-001
  2.5692600e-001
  2.5692600e-001
  2.5692600e-001
  2.5692600e-001
  2.5692600e-001
  2.5692600e-001
  2.5692600e-001
  2.5692600e-001
  2.5692600e-001
  2.5692600e-001
  2.5692600e-001
  2.6049700e-001
  2.6049700e-001
  2.6197700e-001
  2.6197700e-001
  2.6345600e-001
  2.6345600e-001
  2.6616100e-001
  2.6616100e-001
  2.6764000e-001
  2.6764000e-001
  2.6764000e-001
  2.6764000e-001
  2.6973200e-001
  2.6973200e-001
  2.7121100e-001
  2.7121100e-001
  2.7478300e-001
  2.7478300e-001
  2.7774100e-001
  2.7774100e-001
  2.7922100e-001
  2.7922100e-001
  2.7922100e-001
  2.7922100e-001
  2.7922100e-001
  2.7922100e-001
  2.7922100e-001
  2.7922100e-001
  2.7922100e-001
  2.7922100e-001
  2.8105900e-001
  2.8105900e-001
  2.8636300e-001
  2.8636300e-001
  2.9141400e-001
  2.9141400e-001
  2.9707700e-001
  2.9707700e-001
  2.9769000e-001
  2.9769000e-001
  3.0335300e-001
  3.0335300e-001
  3.0360700e-001
  3.0360700e-001
  3.0360700e-001
  3.0360700e-001
  3.0508700e-001
  3.0508700e-001
  3.0508700e-001
  3.0508700e-001
  3.0569900e-001
  3.0569900e-001
  3.0779100e-001
  3.0779100e-001
  3.0779100e-001
  3.0779100e-001
  3.0779100e-001
  3.0779100e-001
  3.0779100e-001
  3.0779100e-001
  3.0779100e-001
  3.0779100e-001
  3.0865800e-001
  3.0865800e-001
  3.0865800e-001
  3.0865800e-001
  3.0865800e-001
  3.0865800e-001
  3.0927100e-001
  3.0927100e-001
  3.1075000e-001
  3.1075000e-001
  3.1075000e-001
  3.1075000e-001
  3.1197500e-001
  3.1197500e-001
  3.1284200e-001
  3.1284200e-001
  3.1370800e-001
  3.1370800e-001
  3.1370800e-001
  3.1370800e-001
  3.1370800e-001
  3.1370800e-001
  3.1370800e-001
  3.1370800e-001
  3.1370800e-001
  3.1370800e-001
  3.1580100e-001
  3.1580100e-001
  3.1580100e-001
  3.1580100e-001
  3.1580100e-001
  3.1580100e-001
  3.1580100e-001
  3.1580100e-001
  3.1580100e-001
  3.1580100e-001
  3.1702600e-001
  3.1702600e-001
  3.1850500e-001
  3.1850500e-001
  3.2294300e-001
  3.2294300e-001
  3.2442300e-001
  3.2442300e-001
  3.2442300e-001
  3.2442300e-001
  3.2503500e-001
  3.2503500e-001
  3.2590200e-001
  3.2590200e-001
  3.2590200e-001
  3.2590200e-001
  3.2590200e-001
  3.2590200e-001
  3.2590200e-001
  3.2590200e-001
  3.2590200e-001
  3.2590200e-001
  3.2590200e-001
  3.2590200e-001
  3.2774000e-001
  3.2774000e-001
  3.2799400e-001
  3.2799400e-001
  3.2799400e-001
  3.2799400e-001
  3.2799400e-001
  3.2799400e-001
  3.2799400e-001
  3.2799400e-001
  3.2799400e-001
  3.2799400e-001
  3.3304400e-001
  3.3304400e-001
  3.3304400e-001
  3.3304400e-001
  3.3304400e-001
  3.3304400e-001
  3.3304400e-001
  3.3304400e-001
  3.3365700e-001
  3.3365700e-001
  3.3427000e-001
  3.3427000e-001
  3.3809500e-001
  3.3809500e-001
  3.3809500e-001
  3.3809500e-001
  3.3809500e-001
  3.3809500e-001
  3.3809500e-001
  3.3809500e-001
  3.3809500e-001
  3.3809500e-001
  3.3809500e-001
  3.3809500e-001
  3.3809500e-001
  3.3809500e-001
  3.3809500e-001
  3.3809500e-001
  3.3809500e-001
  3.3809500e-001
  3.3809500e-001
  3.3809500e-001
  3.3809500e-001
  3.3809500e-001
  3.4523800e-001
  3.4523800e-001
  3.4523800e-001
  3.4523800e-001
  3.4523800e-001
  3.4523800e-001
  3.4523800e-001
  3.4523800e-001
  3.4585100e-001
  3.4585100e-001
  3.4585100e-001
  3.4585100e-001
  3.4671700e-001
  3.4671700e-001
  3.5447300e-001
  3.5447300e-001
  3.5595200e-001
  3.5595200e-001
  3.5595200e-001
  3.5595200e-001
  3.5743100e-001
  3.5743100e-001
  3.5743100e-001
  3.5743100e-001
  3.5952300e-001
  3.5952300e-001
  3.6370700e-001
  3.6370700e-001
  3.6370700e-001
  3.6370700e-001
  3.6396100e-001
  3.6396100e-001
  3.6457400e-001
  3.6457400e-001
  3.6753200e-001
  3.6753200e-001
  3.6753200e-001
  3.6753200e-001
  3.6753200e-001
  3.6753200e-001
  3.6753200e-001
  3.6753200e-001
  3.7171600e-001
  3.7171600e-001
  3.7467500e-001
  3.7467500e-001
  3.7467500e-001
  3.7467500e-001
  3.7467500e-001
  3.7467500e-001
  3.7467500e-001
  3.7467500e-001
  3.7467500e-001
  3.7467500e-001
  3.7467500e-001
  3.7467500e-001
  3.7467500e-001
  3.7467500e-001
  3.7676700e-001
  3.7676700e-001
  3.7885900e-001
  3.7885900e-001
  3.8095100e-001
  3.8095100e-001
  3.8391000e-001
  3.8391000e-001
  3.8391000e-001
  3.8391000e-001
  3.8896000e-001
  3.8896000e-001
  3.8896000e-001
  3.8896000e-001
  3.8896000e-001
  3.8896000e-001
  3.8896000e-001
  3.8896000e-001
  3.9253200e-001
  3.9253200e-001
  3.9401100e-001
  3.9401100e-001
  3.9401100e-001
  3.9401100e-001
  3.9401100e-001
  3.9401100e-001
  3.9401100e-001
  3.9401100e-001
  3.9549000e-001
  3.9549000e-001
  3.9819500e-001
  3.9819500e-001
  3.9906200e-001
  3.9906200e-001
  3.9967400e-001
  3.9967400e-001
  4.0054100e-001
  4.0054100e-001
  4.0324600e-001
  4.0324600e-001
  4.0324600e-001
  4.0324600e-001
  4.0324600e-001
  4.0324600e-001
  4.0411200e-001
  4.0411200e-001
  4.0411200e-001
  4.0411200e-001
  4.0411200e-001
  4.0411200e-001
  4.0411200e-001
  4.0411200e-001
  4.0411200e-001
  4.0411200e-001
  4.0411200e-001
  4.0411200e-001
  4.0411200e-001
  4.0411200e-001
  4.0411200e-001
  4.0411200e-001
  4.0559200e-001
  4.0559200e-001
  4.0916300e-001
  4.0916300e-001
  4.0916300e-001
  4.0916300e-001
  4.1334700e-001
  4.1334700e-001
  4.1421400e-001
  4.1421400e-001
  4.1421400e-001
  4.1421400e-001
  4.1421400e-001
  4.1421400e-001
  4.1421400e-001
  4.1421400e-001
  4.1421400e-001
  4.1421400e-001
  4.1421400e-001
  4.1421400e-001
  4.1421400e-001
  4.1421400e-001
  4.1421400e-001
  4.1421400e-001
  4.1421400e-001
  4.1421400e-001
  4.1901000e-001
  4.1901000e-001
  4.1987700e-001
  4.1987700e-001
  4.2196900e-001
  4.2196900e-001
  4.2196900e-001
  4.2196900e-001
  4.2196900e-001
  4.2196900e-001
  4.2344800e-001
  4.2344800e-001
  4.2344800e-001
  4.2344800e-001
  4.2640700e-001
  4.2640700e-001
  4.2824500e-001
  4.2824500e-001
  4.2997800e-001
  4.2997800e-001
  4.2997800e-001
  4.2997800e-001
  4.3355000e-001
  4.3355000e-001
  4.3355000e-001
  4.3355000e-001
  4.3355000e-001
  4.3355000e-001
  4.3355000e-001
  4.3355000e-001
  4.3355000e-001
  4.3355000e-001
  4.3355000e-001
  4.3355000e-001
  4.3355000e-001
  4.3355000e-001
  4.3355000e-001
  4.3355000e-001
  4.3355000e-001
  4.3355000e-001
  4.3712100e-001
  4.3712100e-001
  4.3712100e-001
  4.3712100e-001
  4.4426400e-001
  4.4426400e-001
  4.4574300e-001
  4.4574300e-001
  4.4574300e-001
  4.4574300e-001
  4.4722200e-001
  4.4722200e-001
  4.4722200e-001
  4.4722200e-001
  4.4783500e-001
  4.4783500e-001
  4.4783500e-001
  4.4783500e-001
  4.4783500e-001
  4.4783500e-001
  4.4783500e-001
  4.4783500e-001
  4.4783500e-001
  4.4783500e-001
  4.4992700e-001
  4.4992700e-001
  4.5201900e-001
  4.5201900e-001
  4.5288600e-001
  4.5288600e-001
  4.5288600e-001
  4.5288600e-001
  4.5497800e-001
  4.5497800e-001
  4.5584400e-001
  4.5584400e-001
  4.5584400e-001
  4.5584400e-001
  4.5584400e-001
  4.5584400e-001
  4.5584400e-001
  4.5584400e-001
  4.5584400e-001
  4.5584400e-001
  4.5584400e-001
  4.5584400e-001
  4.5584400e-001
  4.5584400e-001
  4.5584400e-001
  4.5584400e-001
  4.5584400e-001
  4.5584400e-001
  4.5793600e-001
  4.5793600e-001
  4.6002800e-001
  4.6002800e-001
  4.6002800e-001
  4.6002800e-001
  4.6002800e-001
  4.6002800e-001
  4.6125400e-001
  4.6125400e-001
  4.6212000e-001
  4.6212000e-001
  4.6212000e-001
  4.6212000e-001
  4.6212000e-001
  4.6212000e-001
  4.6212000e-001
  4.6212000e-001
  4.6360000e-001
  4.6360000e-001
  4.6655800e-001
  4.6655800e-001
  4.6926300e-001
  4.6926300e-001
  4.7160900e-001
  4.7160900e-001
  4.7370100e-001
  4.7370100e-001
  4.7370100e-001
  4.7370100e-001
  4.7640600e-001
  4.7640600e-001
  4.7727200e-001
  4.7727200e-001
  4.7727200e-001
  4.7727200e-001
  4.7727200e-001
  4.7727200e-001
  4.8232300e-001
  4.8232300e-001
  4.8380200e-001
  4.8380200e-001
  4.8380200e-001
  4.8380200e-001
  4.8528100e-001
  4.8528100e-001
  4.8528100e-001
  4.8528100e-001
  4.8712000e-001
  4.8712000e-001
  4.8798600e-001
  4.8798600e-001
  4.8885300e-001
  4.8885300e-001
  4.8885300e-001
  4.8885300e-001
  4.8885300e-001
  4.8885300e-001
  4.8946500e-001
  4.8946500e-001
  4.9069100e-001
  4.9069100e-001
  4.9155700e-001
  4.9155700e-001
  4.9155700e-001
  4.9155700e-001
  4.9155700e-001
  4.9155700e-001
  4.9155700e-001
  4.9155700e-001
  4.9155700e-001
  4.9155700e-001
  4.9242400e-001
  4.9242400e-001
  4.9242400e-001
  4.9242400e-001
  4.9242400e-001
  4.9242400e-001
  4.9242400e-001
  4.9242400e-001
  4.9242400e-001
  4.9242400e-001
  4.9242400e-001
  4.9242400e-001
  4.9512900e-001
  4.9512900e-001
  4.9574200e-001
  4.9574200e-001
  5.0017900e-001
  5.0017900e-001
  5.0079200e-001
  5.0079200e-001
  5.0584300e-001
  5.0584300e-001
  5.0584300e-001
  5.0584300e-001
  5.0609700e-001
  5.0609700e-001
  5.0670900e-001
  5.0670900e-001
  5.0818900e-001
  5.0818900e-001
  5.1298600e-001
  5.1298600e-001
  5.1323900e-001
  5.1323900e-001
  5.1829000e-001
  5.1829000e-001
  5.1829000e-001
  5.1829000e-001
  5.1829000e-001
  5.1829000e-001
  5.1890300e-001
  5.1890300e-001
  5.1890300e-001
  5.1890300e-001
  5.2099500e-001
  5.2099500e-001
  5.2099500e-001
  5.2099500e-001
  5.2099500e-001
  5.2099500e-001
  5.2099500e-001
  5.2099500e-001
  5.2186100e-001
  5.2186100e-001
  5.2186100e-001
  5.2186100e-001
  5.2395300e-001
  5.2395300e-001
  5.2604500e-001
  5.2604500e-001
  5.2691200e-001
  5.2691200e-001
  5.2691200e-001
  5.2691200e-001
  5.3109600e-001
  5.3109600e-001
  5.3257500e-001
  5.3257500e-001
  5.3318800e-001
  5.3318800e-001
  5.3380100e-001
  5.3380100e-001
  5.3405500e-001
  5.3405500e-001
  5.3405500e-001
  5.3405500e-001
  5.3553400e-001
  5.3553400e-001
  5.3614700e-001
  5.3614700e-001
  5.3885100e-001
  5.3885100e-001
  5.3910500e-001
  5.3910500e-001
  5.3910500e-001
  5.3910500e-001
  5.3910500e-001
  5.3910500e-001
  5.4033100e-001
  5.4033100e-001
  5.4242300e-001
  5.4242300e-001
  5.4624800e-001
  5.4624800e-001
  5.4624800e-001
  5.4624800e-001
  5.4772700e-001
  5.4772700e-001
  5.4772700e-001
  5.4772700e-001
  5.4895300e-001
  5.4895300e-001
  5.4981900e-001
  5.4981900e-001
  5.5129900e-001
  5.5129900e-001
  5.5129900e-001
  5.5129900e-001
  5.5129900e-001
  5.5129900e-001
  5.5129900e-001
  5.5129900e-001
  5.5129900e-001
  5.5129900e-001
  5.5129900e-001
  5.5129900e-001
  5.5129900e-001
  5.5129900e-001
  5.5129900e-001
  5.5129900e-001
  5.5129900e-001
  5.5129900e-001
  5.5400300e-001
  5.5400300e-001
  5.5400300e-001
  5.5400300e-001
  5.5487000e-001
  5.5487000e-001
  5.5487000e-001
  5.5487000e-001
  5.5696200e-001
  5.5696200e-001
  5.5905400e-001
  5.5905400e-001
  5.6053300e-001
  5.6053300e-001
  5.6053300e-001
  5.6053300e-001
  5.6201300e-001
  5.6201300e-001
  5.6349200e-001
  5.6349200e-001
  5.6349200e-001
  5.6349200e-001
  5.6471700e-001
  5.6471700e-001
  5.6558400e-001
  5.6558400e-001
  5.6558400e-001
  5.6558400e-001
  5.6558400e-001
  5.6558400e-001
  5.6558400e-001
  5.6558400e-001
  5.6828900e-001
  5.6828900e-001
  5.6854200e-001
  5.6854200e-001
  5.6915500e-001
  5.6915500e-001
  5.6915500e-001
  5.6915500e-001
  5.6915500e-001
  5.6915500e-001
  5.6976800e-001
  5.6976800e-001
  5.7063500e-001
  5.7063500e-001
  5.7063500e-001
  5.7063500e-001
  5.7211400e-001
  5.7211400e-001
  5.7272700e-001
  5.7272700e-001
  5.7481900e-001
  5.7481900e-001
  5.7568500e-001
  5.7568500e-001
  5.7568500e-001
  5.7568500e-001
  5.7568500e-001
  5.7568500e-001
  5.7925700e-001
  5.7925700e-001
  5.8196100e-001
  5.8196100e-001
  5.8344100e-001
  5.8344100e-001
  5.8849100e-001
  5.8849100e-001
  5.8910400e-001
  5.8910400e-001
  5.8997100e-001
  5.8997100e-001
  5.9415500e-001
  5.9415500e-001
  5.9415500e-001
  5.9415500e-001
  5.9711300e-001
  5.9711300e-001
  5.9920500e-001
  5.9920500e-001
  6.0007200e-001
  6.0007200e-001
  6.0007200e-001
  6.0007200e-001
  6.0216400e-001
  6.0216400e-001
  6.0364300e-001
  6.0364300e-001
  6.0425600e-001
  6.0425600e-001
  6.0660200e-001
  6.0660200e-001
  6.0660200e-001
  6.0660200e-001
  6.0721400e-001
  6.0721400e-001
  6.1017300e-001
  6.1017300e-001
  6.1017300e-001
  6.1017300e-001
  6.1017300e-001
  6.1017300e-001
  6.1017300e-001
  6.1017300e-001
  6.1017300e-001
  6.1017300e-001
  6.1017300e-001
  6.1017300e-001
  6.1226500e-001
  6.1226500e-001
  6.1226500e-001
  6.1226500e-001
  6.1226500e-001
  6.1226500e-001
  6.1226500e-001
  6.1226500e-001
  6.1226500e-001
  6.1226500e-001
  6.1435700e-001
  6.1435700e-001
  6.1583600e-001
  6.1583600e-001
  6.1644900e-001
  6.1644900e-001
  6.1731600e-001
  6.1731600e-001
  6.1731600e-001
  6.1731600e-001
  6.1731600e-001
  6.1731600e-001
  6.1731600e-001
  6.1731600e-001
  6.1731600e-001
  6.1731600e-001
  6.1731600e-001
  6.1731600e-001
  6.1731600e-001
  6.1731600e-001
  6.1854100e-001
  6.1854100e-001
  6.1879500e-001
  6.1879500e-001
  6.2088700e-001
  6.2088700e-001
  6.2593800e-001
  6.2593800e-001
  6.2864200e-001
  6.2864200e-001
  6.2950900e-001
  6.2950900e-001
  6.2950900e-001
  6.2950900e-001
  6.2950900e-001
  6.2950900e-001
  6.2950900e-001
  6.2950900e-001
  6.3098800e-001
  6.3098800e-001
  6.3517200e-001
  6.3517200e-001
  6.3874400e-001
  6.3874400e-001
  6.3961000e-001
  6.3961000e-001
  6.3961000e-001
  6.3961000e-001
  6.3961000e-001
  6.3961000e-001
  6.3961000e-001
  6.3961000e-001
  6.4318200e-001
  6.4318200e-001
  6.4318200e-001
  6.4318200e-001
  6.4379400e-001
  6.4379400e-001
  6.4379400e-001
  6.4379400e-001
  6.4527400e-001
  6.4527400e-001
  6.4823200e-001
  6.4823200e-001
  6.4823200e-001
  6.4823200e-001
  6.4823200e-001
  6.4823200e-001
  6.5032400e-001
  6.5032400e-001
  6.5093700e-001
  6.5093700e-001
  6.5180400e-001
  6.5180400e-001
  6.5180400e-001
  6.5180400e-001
  6.5180400e-001
  6.5180400e-001
  6.5180400e-001
  6.5180400e-001
  6.5389600e-001
  6.5389600e-001
  6.5389600e-001
  6.5389600e-001
  6.5389600e-001
  6.5389600e-001
  6.5389600e-001
  6.5389600e-001
  6.5894600e-001
  6.5894600e-001
  6.5894600e-001
  6.5894600e-001
  6.5894600e-001
  6.5894600e-001
  6.5955900e-001
  6.5955900e-001
  6.6103800e-001
  6.6103800e-001
  6.6103800e-001
  6.6103800e-001
  6.6165100e-001
  6.6165100e-001
  6.6313000e-001
  6.6313000e-001
  6.6399700e-001
  6.6399700e-001
  6.6461000e-001
  6.6461000e-001
  6.6818100e-001
  6.6818100e-001
  6.7114000e-001
  6.7114000e-001
  6.7445700e-001
  6.7445700e-001
  6.7532400e-001
  6.7532400e-001
  6.8603800e-001
  6.8603800e-001
  6.8751700e-001
  6.8751700e-001
  6.8838400e-001
  6.8838400e-001
  6.8838400e-001
  6.8838400e-001
  6.9108800e-001
  6.9108800e-001
  6.9343400e-001
  6.9343400e-001
  6.9343400e-001
  6.9343400e-001
  6.9343400e-001
  6.9343400e-001
  6.9343400e-001
  6.9343400e-001
  6.9700600e-001
  6.9700600e-001
  6.9761800e-001
  6.9761800e-001
  6.9848500e-001
  6.9848500e-001
  6.9848500e-001
  6.9848500e-001
  7.0414800e-001
  7.0414800e-001
  7.0710700e-001
  7.0894500e-001
  7.0894500e-001
  7.1067800e-001
  7.1067800e-001
  7.1129100e-001
  7.1129100e-001
  7.1399600e-001
  7.1399600e-001
  7.1634100e-001
  7.1634100e-001
  7.1782100e-001
  7.1782100e-001
  7.1904600e-001
  7.1904600e-001
  7.1904600e-001
  7.1904600e-001
  7.1930000e-001
  7.1930000e-001
  7.2113800e-001
  7.2113800e-001
  7.2139200e-001
  7.2139200e-001
  7.2200500e-001
  7.2200500e-001
  7.2496300e-001
  7.2496300e-001
  7.2705600e-001
  7.2705600e-001
  7.2705600e-001
  7.2705600e-001
  7.2705600e-001
  7.2705600e-001
  7.2792200e-001
  7.2792200e-001
  7.2792200e-001
  7.2792200e-001
  7.2792200e-001
  7.2792200e-001
  7.2792200e-001
  7.2792200e-001
  7.2792200e-001
  7.2792200e-001
  7.2792200e-001
  7.2792200e-001
  7.2792200e-001
  7.2792200e-001
  7.2792200e-001
  7.2792200e-001
  7.2792200e-001
  7.2792200e-001
  7.2792200e-001
  7.2792200e-001
  7.2792200e-001
  7.2792200e-001
  7.2792200e-001
  7.2792200e-001
  7.3001400e-001
  7.3001400e-001
  7.3062700e-001
  7.3062700e-001
  7.3358500e-001
  7.3358500e-001
  7.3506500e-001
  7.3506500e-001
  7.3506500e-001
  7.3506500e-001
  7.3506500e-001
  7.3506500e-001
  7.3777000e-001
  7.3777000e-001
  7.3863600e-001
  7.3863600e-001
  7.3924900e-001
  7.3924900e-001
  7.4220700e-001
  7.4220700e-001
  7.4220700e-001
  7.4220700e-001
  7.4220700e-001
  7.4220700e-001
  7.4220700e-001
  7.4220700e-001
  7.4220700e-001
  7.4220700e-001
  7.4220700e-001
  7.4220700e-001
  7.4429900e-001
  7.4429900e-001
  7.4935000e-001
  7.4935000e-001
  7.4935000e-001
  7.4935000e-001
  7.4935000e-001
  7.4935000e-001
  7.4935000e-001
  7.4935000e-001
  7.5292100e-001
  7.5292100e-001
  7.5353400e-001
  7.5353400e-001
  7.5919800e-001
  7.5919800e-001
  7.5945100e-001
  7.5945100e-001
  7.5945100e-001
  7.5945100e-001
  7.6006400e-001
  7.6006400e-001
  7.6302300e-001
  7.6302300e-001
  7.6450200e-001
  7.6450200e-001
  7.6450200e-001
  7.6450200e-001
  7.6450200e-001
  7.6450200e-001
  7.6450200e-001
  7.6450200e-001
  7.6450200e-001
  7.6450200e-001
  7.6450200e-001
  7.6450200e-001
  7.6450200e-001
  7.6450200e-001
  7.6450200e-001
  7.6450200e-001
  7.6572700e-001
  7.6572700e-001
  7.6659400e-001
  7.6659400e-001
  7.6659400e-001
  7.6659400e-001
  7.6659400e-001
  7.6659400e-001
  7.6659400e-001
  7.6659400e-001
  7.6659400e-001
  7.6659400e-001
  7.6720700e-001
  7.6720700e-001
  7.6807300e-001
  7.6807300e-001
  7.7016500e-001
  7.7016500e-001
  7.7164500e-001
  7.7164500e-001
  7.7164500e-001
  7.7164500e-001
  7.7164500e-001
  7.7164500e-001
  7.7164500e-001
  7.7164500e-001
  7.7164500e-001
  7.7164500e-001
  7.7521600e-001
  7.7521600e-001
  7.7521600e-001
  7.7521600e-001
  7.7792100e-001
  7.7792100e-001
  7.7878700e-001
  7.7878700e-001
  7.7878700e-001
  7.7878700e-001
  7.8174600e-001
  7.8174600e-001
  7.8174600e-001
  7.8174600e-001
  7.8174600e-001
  7.8174600e-001
  7.8383800e-001
  7.8383800e-001
  7.8383800e-001
  7.8383800e-001
  7.8445100e-001
  7.8445100e-001
  7.8506300e-001
  7.8506300e-001
  7.8506300e-001
  7.8506300e-001
  7.8593000e-001
  7.8593000e-001
  7.9011400e-001
  7.9011400e-001
  7.9246000e-001
  7.9246000e-001
  7.9307300e-001
  7.9307300e-001
  7.9603100e-001
  7.9603100e-001
  7.9603100e-001
  7.9603100e-001
  7.9934900e-001
  7.9960300e-001
  7.9960300e-001
  8.0021500e-001
  8.0021500e-001
  8.0021500e-001
  8.0021500e-001
  8.0021500e-001
  8.0021500e-001
  8.0108200e-001
  8.0108200e-001
  8.0256100e-001
  8.0256100e-001
  8.0256100e-001
  8.0256100e-001
  8.0256100e-001
  8.0256100e-001
  8.0317400e-001
  8.0317400e-001
  8.0465300e-001
  8.0465300e-001
  8.0526600e-001
  8.0526600e-001
  8.1031700e-001
  8.1031700e-001
  8.1031700e-001
  8.1031700e-001
  8.1118300e-001
  8.1118300e-001
  8.1118300e-001
  8.1118300e-001
  8.1118300e-001
  8.1118300e-001
  8.1536700e-001
  8.1536700e-001
  8.1807200e-001
  8.1807200e-001
  8.1980500e-001
  8.1980500e-001
  8.1980500e-001
  8.1980500e-001
  8.2251000e-001
  8.2251000e-001
  8.2546900e-001
  8.2546900e-001
  8.2546900e-001
  8.2546900e-001
  8.2546900e-001
  8.2546900e-001
  8.2546900e-001
  8.2546900e-001
  8.2546900e-001
  8.2546900e-001
  8.2546900e-001
  8.2546900e-001
  8.2546900e-001
  8.2546900e-001
  8.2694800e-001
  8.2694800e-001
  8.2694800e-001
  8.2694800e-001
  8.2694800e-001
  8.2694800e-001
  8.2694800e-001
  8.2694800e-001
  8.3051900e-001
  8.3051900e-001
  8.3051900e-001
  8.3051900e-001
  8.3051900e-001
  8.3051900e-001
  8.3261100e-001
  8.3261100e-001
  8.3470300e-001
  8.3470300e-001
  8.3557000e-001
  8.3557000e-001
  8.3557000e-001
  8.3557000e-001
  8.3557000e-001
  8.3557000e-001
  8.3557000e-001
  8.3557000e-001
  8.3557000e-001
  8.3557000e-001
  8.3557000e-001
  8.3557000e-001
  8.3557000e-001
  8.3557000e-001
  8.3557000e-001
  8.3557000e-001
  8.3557000e-001
  8.3557000e-001
  8.3557000e-001
  8.3557000e-001
  8.3766200e-001
  8.3766200e-001
  8.3766200e-001
  8.3766200e-001
  8.4062000e-001
  8.4062000e-001
  8.4062000e-001
  8.4062000e-001
  8.4062000e-001
  8.4062000e-001
  8.4062000e-001
  8.4062000e-001
  8.4062000e-001
  8.4062000e-001
  8.4062000e-001
  8.4062000e-001
  8.4062000e-001
  8.4062000e-001
  8.4062000e-001
  8.4062000e-001
  8.4062000e-001
  8.4062000e-001
  8.4062000e-001
  8.4062000e-001
  8.4062000e-001
  8.4062000e-001
  8.4393800e-001
  8.4393800e-001
  8.4393800e-001
  8.4393800e-001
  8.4419200e-001
  8.4419200e-001
  8.4480500e-001
  8.4480500e-001
  8.4480500e-001
  8.4480500e-001
  8.4628400e-001
  8.4628400e-001
  8.5108100e-001
  8.5108100e-001
  8.5281400e-001
  8.5281400e-001
  8.5281400e-001
  8.5281400e-001
  8.5403900e-001
  8.5403900e-001
  8.5909000e-001
  8.5909000e-001
  8.5909000e-001
  8.5909000e-001
  8.6414000e-001
  8.6414000e-001
  8.6562000e-001
  8.6562000e-001
  8.6623300e-001
  8.6623300e-001
  8.6623300e-001
  8.6623300e-001
  8.6623300e-001
  8.6623300e-001
  8.6857800e-001
  8.6857800e-001
  8.7005800e-001
  8.7005800e-001
  8.7005800e-001
  8.7005800e-001
  8.7005800e-001
  8.7005800e-001
  8.7005800e-001
  8.7005800e-001
  8.7067000e-001
  8.7067000e-001
  8.7067000e-001
  8.7067000e-001
  8.7485500e-001
  8.7485500e-001
  8.7572100e-001
  8.7572100e-001
  8.7720000e-001
  8.7720000e-001
  8.7720000e-001
  8.7720000e-001
  8.7842600e-001
  8.7842600e-001
  8.7929200e-001
  8.7929200e-001
  8.8077200e-001
  8.8077200e-001
  8.8077200e-001
  8.8077200e-001
  8.8225100e-001
  8.8225100e-001
  8.8347600e-001
  8.8347600e-001
  8.8582200e-001
  8.8582200e-001
  8.8582200e-001
  8.8582200e-001
  8.8704800e-001
  8.8704800e-001
  8.8791400e-001
  8.8791400e-001
  8.9209800e-001
  8.9209800e-001
  8.9949500e-001
  8.9949500e-001
  8.9949500e-001
  8.9949500e-001
  8.9949500e-001
  8.9949500e-001
  9.0281200e-001
  9.0281200e-001
  9.0306600e-001
  9.0306600e-001
  9.0934200e-001
  9.0934200e-001
  9.1082200e-001
  9.1082200e-001
  9.1082200e-001
  9.1082200e-001
  9.1168800e-001
  9.1168800e-001
  9.1168800e-001
  9.1168800e-001
  9.1168800e-001
  9.1168800e-001
  9.1168800e-001
  9.1168800e-001
  9.1168800e-001
  9.1168800e-001
  9.1168800e-001
  9.1168800e-001
  9.1168800e-001
  9.1168800e-001
  9.1168800e-001
  9.1168800e-001
  9.1168800e-001
  9.1168800e-001
  9.1168800e-001
  9.1168800e-001
  9.1439300e-001
  9.1439300e-001
  9.1526000e-001
  9.1526000e-001
  9.1526000e-001
  9.1526000e-001
  9.1735200e-001
  9.1735200e-001
  9.1883100e-001
  9.1883100e-001
  9.1883100e-001
  9.1883100e-001
  9.1883100e-001
  9.1883100e-001
  9.1883100e-001
  9.1883100e-001
  9.2092300e-001
  9.2092300e-001
  9.2092300e-001
  9.2092300e-001
  9.2092300e-001
  9.2092300e-001
  9.2301500e-001
  9.2301500e-001
  9.2301500e-001
  9.2301500e-001
  9.2388200e-001
  9.2388200e-001
  9.2388200e-001
  9.2388200e-001
  9.2388200e-001
  9.2388200e-001
  9.2388200e-001
  9.2388200e-001
  9.2449400e-001
  9.2449400e-001
  9.2510700e-001
  9.2510700e-001
  9.2597400e-001
  9.2597400e-001
  9.2597400e-001
  9.2597400e-001
  9.2597400e-001
  9.2597400e-001
  9.2597400e-001
  9.2597400e-001
  9.2745300e-001
  9.2745300e-001
  9.2954500e-001
  9.2954500e-001
  9.2954500e-001
  9.2954500e-001
  9.2954500e-001
  9.2954500e-001
  9.3311600e-001
  9.3311600e-001
  9.3311600e-001
  9.3311600e-001
  9.3311600e-001
  9.3311600e-001
  9.3459600e-001
  9.3459600e-001
  9.4025900e-001
  9.4025900e-001
  9.4025900e-001
  9.4025900e-001
  9.4321800e-001
  9.4321800e-001
  9.4321800e-001
  9.4321800e-001
  9.4321800e-001
  9.4321800e-001
  9.4949400e-001
  9.4949400e-001
  9.5393200e-001
  9.5393200e-001
  9.5454400e-001
  9.5454400e-001
  9.5689000e-001
  9.5689000e-001
  9.5750300e-001
  9.5750300e-001
  9.5750300e-001
  9.5750300e-001
  9.6107400e-001
  9.6107400e-001
  9.6255400e-001
  9.6255400e-001
  9.6255400e-001
  9.6255400e-001
  9.6255400e-001
  9.6255400e-001
  9.6255400e-001
  9.6255400e-001
  9.6403300e-001
  9.6403300e-001
  9.6551200e-001
  9.6551200e-001
  9.6551200e-001
  9.6551200e-001
  9.6612500e-001
  9.6612500e-001
  9.7056300e-001
  9.7056300e-001
  9.7056300e-001
  9.7056300e-001
  9.7056300e-001
  9.7056300e-001
  9.7056300e-001
  9.7056300e-001
  9.7326800e-001
  9.7326800e-001
  9.7474700e-001
  9.7474700e-001
  9.7536000e-001
  9.7536000e-001
  9.7683900e-001
  9.7683900e-001
  9.7770500e-001
  9.7770500e-001
  9.7770500e-001
  9.7770500e-001
  9.7770500e-001
  9.7770500e-001
  9.7770500e-001
  9.7770500e-001
  9.7770500e-001
  9.7770500e-001
  9.7770500e-001
  9.7770500e-001
  9.7831800e-001
  9.7831800e-001
  9.8127700e-001
  9.8127700e-001
  9.8127700e-001
  9.8127700e-001
  9.8275600e-001
  9.8275600e-001
  9.8275600e-001
  9.8275600e-001
  9.8275600e-001
  9.8275600e-001
  9.8275600e-001
  9.8275600e-001
  9.8275600e-001
  9.8275600e-001
  9.8275600e-001
  9.8275600e-001
  9.8275600e-001
  9.8275600e-001
  9.8275600e-001
  9.8275600e-001
  9.8275600e-001
  9.8275600e-001
  9.8275600e-001
  9.8275600e-001
  9.8275600e-001
  9.8275600e-001
  9.8275600e-001
  9.8275600e-001
  9.8275600e-001
  9.8275600e-001
  9.8275600e-001
  9.8275600e-001
  9.8398200e-001
  9.8398200e-001
  9.8607400e-001
  9.8607400e-001
  9.8841900e-001
  9.8841900e-001
  9.8989900e-001
  9.8989900e-001
  9.9112400e-001
  9.9112400e-001
  9.9347000e-001
  9.9347000e-001
  9.9408300e-001
  9.9408300e-001
  9.9704100e-001
  9.9704100e-001
  9.9826700e-001
  9.9826700e-001
