  2.0920000e-003
  2.0920000e-003
  3.5710000e-003
  3.5710000e-003
  3.5710000e-003
  3.5710000e-003
  3.5710000e-003
  3.5710000e-003
  3.5710000e-003
  3.5710000e-003
  7.1430000e-003
  7.1430000e-003
  7.1430000e-003
  7.1430000e-003
  7.1430000e-003
  7.1430000e-003
  7.1430000e-003
  7.1430000e-003
  7.1430000e-003
  7.1430000e-003
  7.1430000e-003
  7.1430000e-003
  7.1430000e-003
  7.1430000e-003
  7.1430000e-003
  7.1430000e-003
  7.1430000e-003
  7.1430000e-003
  7.1430000e-003
  7.1430000e-003
  7.1430000e-003
  7.1430000e-003
  7.1430000e-003
  7.1430000e-003
  7.1430000e-003
  7.1430000e-003
  7.1430000e-003
  7.1430000e-003
  7.1430000e-003
  7.1430000e-003
  7.1430000e-003
  7.1430000e-003
  7.1430000e-003
  7.1430000e-003
  7.1430000e-003
  7.1430000e-003
  7.1430000e-003
  7.1430000e-003
  7.1430000e-003
  7.1430000e-003
  7.1430000e-003
  7.1430000e-003
  7.1430000e-003
  7.1430000e-003
  7.1430000e-003
  7.1430000e-003
  7.1430000e-003
  7.1430000e-003
  9.2350000e-003
  9.2350000e-003
  9.2350000e-003
  9.2350000e-003
  9.2350000e-003
  9.2350000e-003
  1.6377000e-002
  1.6377000e-002
  1.6377000e-002
  1.6377000e-002
  2.0561000e-002
  2.0561000e-002
  2.3520000e-002
  2.3520000e-002
  2.6479000e-002
  2.6479000e-002
  2.8571000e-002
  2.8571000e-002
  2.8571000e-002
  2.8571000e-002
  3.0663000e-002
  3.0663000e-002
  3.1529000e-002
  3.1529000e-002
  3.3009000e-002
  3.3009000e-002
  3.3009000e-002
  3.3009000e-002
  3.5101000e-002
  3.5101000e-002
  3.6580000e-002
  3.6580000e-002
  3.6580000e-002
  3.6580000e-002
  3.7805000e-002
  3.7805000e-002
  4.0151000e-002
  4.0151000e-002
  4.0151000e-002
  4.0151000e-002
  4.0151000e-002
  4.0151000e-002
  4.3723000e-002
  4.3723000e-002
  4.3723000e-002
  4.3723000e-002
  4.3723000e-002
  4.3723000e-002
  4.5202000e-002
  4.5202000e-002
  4.5202000e-002
  4.5202000e-002
  4.5815000e-002
  4.5815000e-002
  4.7294000e-002
  4.7294000e-002
  4.8773000e-002
  4.8773000e-002
  4.8773000e-002
  4.8773000e-002
  4.8773000e-002
  4.8773000e-002
  4.8773000e-002
  4.8773000e-002
  4.9386000e-002
  4.9386000e-002
  5.0865000e-002
  5.0865000e-002
  5.3570000e-002
  5.3570000e-002
  5.3824000e-002
  5.3824000e-002
  5.3824000e-002
  5.3824000e-002
  5.3824000e-002
  5.3824000e-002
  5.5916000e-002
  5.5916000e-002
  5.5916000e-002
  5.5916000e-002
  6.3671000e-002
  6.3671000e-002
  6.5151000e-002
  6.5151000e-002
  6.5151000e-002
  6.5151000e-002
  6.8109000e-002
  6.8109000e-002
  6.9589000e-002
  6.9589000e-002
  7.1068000e-002
  7.1068000e-002
  7.1068000e-002
  7.1068000e-002
  7.1068000e-002
  7.1068000e-002
  7.2293000e-002
  7.2293000e-002
  7.3773000e-002
  7.3773000e-002
  7.4385000e-002
  7.4385000e-002
  7.8210000e-002
  7.8210000e-002
  7.8823000e-002
  7.8823000e-002
  8.3261000e-002
  8.3261000e-002
  8.7445000e-002
  8.7445000e-002
  8.7445000e-002
  8.7445000e-002
  8.8671000e-002
  8.8671000e-002
  8.8924000e-002
  8.8924000e-002
  8.9537000e-002
  8.9537000e-002
  9.0404000e-002
  9.0404000e-002
  9.0404000e-002
  9.0404000e-002
  9.1883000e-002
  9.1883000e-002
  9.3721000e-002
  9.3721000e-002
  9.3721000e-002
  9.3721000e-002
  9.3721000e-002
  9.3721000e-002
  9.5454000e-002
  9.5454000e-002
  9.5454000e-002
  9.5454000e-002
  9.5454000e-002
  9.5454000e-002
  9.5454000e-002
  9.5454000e-002
  9.5454000e-002
  9.5454000e-002
  9.5454000e-002
  9.5454000e-002
  9.5454000e-002
  9.5454000e-002
  9.5454000e-002
  9.5454000e-002
  9.5454000e-002
  9.5454000e-002
  9.5454000e-002
  9.5454000e-002
  9.5454000e-002
  9.5454000e-002
  9.9026000e-002
  9.9026000e-002
  9.9026000e-002
  9.9026000e-002
  9.9026000e-002
  9.9026000e-002
  1.0259700e-001
  1.0259700e-001
  1.0259700e-001
  1.0259700e-001
  1.0259700e-001
  1.0259700e-001
  1.0407600e-001
  1.0407600e-001
  1.0678100e-001
  1.0678100e-001
  1.0764800e-001
  1.0764800e-001
  1.0974000e-001
  1.0974000e-001
  1.0974000e-001
  1.0974000e-001
  1.0974000e-001
  1.0974000e-001
  1.1096500e-001
  1.1096500e-001
  1.1269800e-001
  1.1269800e-001
  1.1392400e-001
  1.1392400e-001
  1.1392400e-001
  1.1392400e-001
  1.1479000e-001
  1.1479000e-001
  1.1479000e-001
  1.1479000e-001
  1.1479000e-001
  1.1479000e-001
  1.2132000e-001
  1.2132000e-001
  1.2132000e-001
  1.2132000e-001
  1.2132000e-001
  1.2132000e-001
  1.2132000e-001
  1.2132000e-001
  1.2132000e-001
  1.2132000e-001
  1.2132000e-001
  1.2132000e-001
  1.2341200e-001
  1.2341200e-001
  1.2402500e-001
  1.2402500e-001
  1.2402500e-001
  1.2402500e-001
  1.2402500e-001
  1.2402500e-001
  1.2402500e-001
  1.2402500e-001
  1.2402500e-001
  1.2402500e-001
  1.2402500e-001
  1.2402500e-001
  1.2489200e-001
  1.2489200e-001
  1.2489200e-001
  1.2489200e-001
  1.2489200e-001
  1.2489200e-001
  1.2489200e-001
  1.2489200e-001
  1.2846300e-001
  1.2846300e-001
  1.2846300e-001
  1.2846300e-001
  1.2907600e-001
  1.2907600e-001
  1.2907600e-001
  1.2907600e-001
  1.2907600e-001
  1.2907600e-001
  1.3203400e-001
  1.3203400e-001
  1.3203400e-001
  1.3203400e-001
  1.3203400e-001
  1.3203400e-001
  1.3326000e-001
  1.3326000e-001
  1.3351400e-001
  1.3351400e-001
  1.3473900e-001
  1.3473900e-001
  1.3560600e-001
  1.3560600e-001
  1.3917700e-001
  1.3917700e-001
  1.3917700e-001
  1.3917700e-001
  1.3917700e-001
  1.3917700e-001
  1.3917700e-001
  1.3917700e-001
  1.3917700e-001
  1.3917700e-001
  1.3917700e-001
  1.3917700e-001
  1.3917700e-001
  1.3917700e-001
  1.3917700e-001
  1.3917700e-001
  1.3917700e-001
  1.3917700e-001
  1.3917700e-001
  1.3917700e-001
  1.3917700e-001
  1.3917700e-001
  1.4065600e-001
  1.4065600e-001
  1.4126900e-001
  1.4126900e-001
  1.4213600e-001
  1.4213600e-001
  1.4213600e-001
  1.4213600e-001
  1.4422800e-001
  1.4422800e-001
  1.4422800e-001
  1.4422800e-001
  1.4422800e-001
  1.4422800e-001
  1.4422800e-001
  1.4422800e-001
  1.4422800e-001
  1.4422800e-001
  1.4484000e-001
  1.4484000e-001
  1.4927800e-001
  1.4927800e-001
  1.4927800e-001
  1.4927800e-001
  1.4927800e-001
  1.4927800e-001
  1.4927800e-001
  1.4927800e-001
  1.4927800e-001
  1.4927800e-001
  1.4927800e-001
  1.4927800e-001
  1.4927800e-001
  1.4927800e-001
  1.5137000e-001
  1.5137000e-001
  1.5285000e-001
  1.5285000e-001
  1.5432900e-001
  1.5432900e-001
  1.5432900e-001
  1.5432900e-001
  1.5432900e-001
  1.5432900e-001
  1.5432900e-001
  1.5432900e-001
  1.5432900e-001
  1.5432900e-001
  1.5432900e-001
  1.5432900e-001
  1.5432900e-001
  1.5432900e-001
  1.5432900e-001
  1.5432900e-001
  1.5432900e-001
  1.5432900e-001
  1.5432900e-001
  1.5432900e-001
  1.5432900e-001
  1.5432900e-001
  1.5432900e-001
  1.5432900e-001
  1.5432900e-001
  1.5432900e-001
  1.5432900e-001
  1.5432900e-001
  1.5432900e-001
  1.5432900e-001
  1.5432900e-001
  1.5432900e-001
  1.5432900e-001
  1.5432900e-001
  1.5432900e-001
  1.5432900e-001
  1.5432900e-001
  1.5432900e-001
  1.5432900e-001
  1.5432900e-001
  1.5432900e-001
  1.5432900e-001
  1.5494200e-001
  1.5494200e-001
  1.5790000e-001
  1.5790000e-001
  1.5973900e-001
  1.5973900e-001
  1.6060500e-001
  1.6060500e-001
  1.6147200e-001
  1.6147200e-001
  1.6147200e-001
  1.6147200e-001
  1.6147200e-001
  1.6147200e-001
  1.6478900e-001
  1.6478900e-001
  1.6504300e-001
  1.6504300e-001
  1.6652200e-001
  1.6652200e-001
  1.6652200e-001
  1.6652200e-001
  1.6774800e-001
  1.6774800e-001
  1.6861400e-001
  1.6861400e-001
  1.7279800e-001
  1.7279800e-001
  1.7341100e-001
  1.7341100e-001
  1.7366500e-001
  1.7366500e-001
  1.7723600e-001
  1.7723600e-001
  1.7871600e-001
  1.7871600e-001
  1.7871600e-001
  1.7871600e-001
  1.7871600e-001
  1.7871600e-001
  1.7932800e-001
  1.7932800e-001
  1.8203300e-001
  1.8203300e-001
  1.8376600e-001
  1.8376600e-001
  1.8376600e-001
  1.8376600e-001
  1.8376600e-001
  1.8376600e-001
  1.8437900e-001
  1.8437900e-001
  1.8437900e-001
  1.8437900e-001
  1.8647100e-001
  1.8647100e-001
  1.8943000e-001
  1.8943000e-001
  1.9004200e-001
  1.9004200e-001
  1.9238800e-001
  1.9238800e-001
  1.9238800e-001
  1.9238800e-001
  1.9448000e-001
  1.9448000e-001
  1.9448000e-001
  1.9448000e-001
  1.9448000e-001
  1.9448000e-001
  1.9448000e-001
  1.9448000e-001
  1.9448000e-001
  1.9448000e-001
  1.9570600e-001
  1.9570600e-001
  1.9805200e-001
  1.9805200e-001
  1.9805200e-001
  1.9805200e-001
  1.9805200e-001
  1.9805200e-001
  1.9805200e-001
  1.9805200e-001
  2.0458100e-001
  2.0458100e-001
  2.0519400e-001
  2.0519400e-001
  2.0519400e-001
  2.0519400e-001
  2.0519400e-001
  2.0519400e-001
  2.0519400e-001
  2.0519400e-001
  2.0519400e-001
  2.0519400e-001
  2.0815300e-001
  2.0815300e-001
  2.0815300e-001
  2.0815300e-001
  2.0876600e-001
  2.0876600e-001
  2.0937800e-001
  2.0937800e-001
  2.1320300e-001
  2.1320300e-001
  2.1442900e-001
  2.1442900e-001
  2.1677500e-001
  2.1677500e-001
  2.1948000e-001
  2.1948000e-001
  2.1948000e-001
  2.1948000e-001
  2.2305100e-001
  2.2305100e-001
  2.2748900e-001
  2.2748900e-001
  2.2748900e-001
  2.2748900e-001
  2.3106000e-001
  2.3106000e-001
  2.3253900e-001
  2.3253900e-001
  2.3315200e-001
  2.3315200e-001
  2.3401900e-001
  2.3401900e-001
  2.3463100e-001
  2.3463100e-001
  2.3463100e-001
  2.3463100e-001
  2.3820300e-001
  2.3820300e-001
  2.3968200e-001
  2.3968200e-001
  2.3968200e-001
  2.3968200e-001
  2.4090800e-001
  2.4090800e-001
  2.4116100e-001
  2.4116100e-001
  2.4264100e-001
  2.4264100e-001
  2.4264100e-001
  2.4264100e-001
  2.4264100e-001
  2.4264100e-001
  2.4264100e-001
  2.4264100e-001
  2.4264100e-001
  2.4264100e-001
  2.4264100e-001
  2.4264100e-001
  2.4264100e-001
  2.4264100e-001
  2.4264100e-001
  2.4264100e-001
  2.4264100e-001
  2.4264100e-001
  2.4264100e-001
  2.4264100e-001
  2.4264100e-001
  2.4264100e-001
  2.4325300e-001
  2.4325300e-001
  2.4534500e-001
  2.4534500e-001
  2.4595800e-001
  2.4595800e-001
  2.4682500e-001
  2.4682500e-001
  2.4978300e-001
  2.4978300e-001
  2.4978300e-001
  2.4978300e-001
  2.5187500e-001
  2.5187500e-001
  2.5187500e-001
  2.5187500e-001
  2.5335500e-001
  2.5335500e-001
  2.5335500e-001
  2.5335500e-001
  2.5335500e-001
  2.5335500e-001
  2.5335500e-001
  2.5335500e-001
  2.5544700e-001
  2.5544700e-001
  2.5692600e-001
  2.5692600e-001
  2.5692600e-001
  2.5692600e-001
  2.5692600e-001
  2.5692600e-001
  2.5840500e-001
  2.5840500e-001
  2.5840500e-001
  2.5840500e-001
  2.5901800e-001
  2.5901800e-001
  2.6049700e-001
  2.6049700e-001
  2.6049700e-001
  2.6049700e-001
  2.6345600e-001
  2.6345600e-001
  2.6345600e-001
  2.6345600e-001
  2.6345600e-001
  2.6345600e-001
  2.6406900e-001
  2.6406900e-001
  2.6406900e-001
  2.6406900e-001
  2.6616100e-001
  2.6616100e-001
  2.7121100e-001
  2.7121100e-001
  2.7121100e-001
  2.7121100e-001
  2.7121100e-001
  2.7121100e-001
  2.7121100e-001
  2.7121100e-001
  2.7121100e-001
  2.7121100e-001
  2.7121100e-001
  2.7121100e-001
  2.7330300e-001
  2.7330300e-001
  2.7478300e-001
  2.7478300e-001
  2.7564900e-001
  2.7564900e-001
  2.7564900e-001
  2.7564900e-001
  2.7687500e-001
  2.7687500e-001
  2.7774100e-001
  2.7774100e-001
  2.8044600e-001
  2.8044600e-001
  2.8131300e-001
  2.8131300e-001
  2.8131300e-001
  2.8131300e-001
  2.8427100e-001
  2.8427100e-001
  2.8427100e-001
  2.8427100e-001
  2.8636300e-001
  2.8636300e-001
  2.8636300e-001
  2.8636300e-001
  2.8636300e-001
  2.8636300e-001
  2.8636300e-001
  2.8636300e-001
  2.8636300e-001
  2.8636300e-001
  2.8636300e-001
  2.8636300e-001
  2.8636300e-001
  2.8636300e-001
  2.8636300e-001
  2.8636300e-001
  2.8636300e-001
  2.8636300e-001
  2.8968100e-001
  2.8968100e-001
  2.8993500e-001
  2.8993500e-001
  2.8993500e-001
  2.8993500e-001
  2.9054700e-001
  2.9054700e-001
  2.9141400e-001
  2.9141400e-001
  2.9350600e-001
  2.9350600e-001
  2.9350600e-001
  2.9350600e-001
  2.9646500e-001
  2.9646500e-001
  2.9707700e-001
  2.9707700e-001
  2.9978200e-001
  2.9978200e-001
  3.0422000e-001
  3.0422000e-001
  3.0569900e-001
  3.0569900e-001
  3.0779100e-001
  3.0779100e-001
  3.0779100e-001
  3.0779100e-001
  3.1370800e-001
  3.1370800e-001
  3.1493400e-001
  3.1493400e-001
  3.1728000e-001
  3.1728000e-001
  3.1998500e-001
  3.1998500e-001
  3.1998500e-001
  3.1998500e-001
  3.1998500e-001
  3.1998500e-001
  3.2085100e-001
  3.2085100e-001
  3.2590200e-001
  3.2590200e-001
  3.2712700e-001
  3.2712700e-001
  3.3008600e-001
  3.3008600e-001
  3.3452400e-001
  3.3452400e-001
  3.3452400e-001
  3.3452400e-001
  3.3452400e-001
  3.3452400e-001
  3.3513700e-001
  3.3513700e-001
  3.3513700e-001
  3.3513700e-001
  3.3809500e-001
  3.3809500e-001
  3.3809500e-001
  3.3809500e-001
  3.3809500e-001
  3.3809500e-001
  3.4018700e-001
  3.4018700e-001
  3.4018700e-001
  3.4018700e-001
  3.4018700e-001
  3.4018700e-001
  3.4018700e-001
  3.4018700e-001
  3.4018700e-001
  3.4018700e-001
  3.4018700e-001
  3.4018700e-001
  3.4585100e-001
  3.4585100e-001
  3.4880900e-001
  3.4880900e-001
  3.4942200e-001
  3.4942200e-001
  3.5028800e-001
  3.5028800e-001
  3.5028800e-001
  3.5028800e-001
  3.5028800e-001
  3.5028800e-001
  3.5238000e-001
  3.5238000e-001
  3.5238000e-001
  3.5238000e-001
  3.5238000e-001
  3.5238000e-001
  3.5533900e-001
  3.5533900e-001
  3.5533900e-001
  3.5533900e-001
  3.5533900e-001
  3.5533900e-001
  3.5804400e-001
  3.5804400e-001
  3.6013600e-001
  3.6013600e-001
  3.6248200e-001
  3.6248200e-001
  3.6248200e-001
  3.6248200e-001
  3.6248200e-001
  3.6248200e-001
  3.6248200e-001
  3.6248200e-001
  3.6753200e-001
  3.6753200e-001
  3.6753200e-001
  3.6753200e-001
  3.6753200e-001
  3.6753200e-001
  3.6753200e-001
  3.6753200e-001
  3.6753200e-001
  3.6753200e-001
  3.6875800e-001
  3.6875800e-001
  3.7023700e-001
  3.7023700e-001
  3.7171600e-001
  3.7171600e-001
  3.7528800e-001
  3.7528800e-001
  3.7615400e-001
  3.7615400e-001
  3.7676700e-001
  3.7676700e-001
  3.8477600e-001
  3.8477600e-001
  3.8477600e-001
  3.8477600e-001
  3.8477600e-001
  3.8477600e-001
  3.8834800e-001
  3.8834800e-001
  3.9401100e-001
  3.9401100e-001
  3.9401100e-001
  3.9401100e-001
  3.9610300e-001
  3.9610300e-001
  3.9610300e-001
  3.9610300e-001
  3.9819500e-001
  3.9819500e-001
  3.9967400e-001
  3.9967400e-001
  4.0054100e-001
  4.0054100e-001
  4.0054100e-001
  4.0054100e-001
  4.0054100e-001
  4.0054100e-001
  4.0054100e-001
  4.0054100e-001
  4.0533800e-001
  4.0533800e-001
  4.0559200e-001
  4.0559200e-001
  4.0559200e-001
  4.0559200e-001
  4.0768400e-001
  4.0768400e-001
  4.0829600e-001
  4.0829600e-001
  4.1334700e-001
  4.1334700e-001
  4.1421400e-001
  4.1421400e-001
  4.2406100e-001
  4.2406100e-001
  4.2554000e-001
  4.2554000e-001
  4.2554000e-001
  4.2554000e-001
  4.2849900e-001
  4.2849900e-001
  4.2849900e-001
  4.2849900e-001
  4.2997800e-001
  4.2997800e-001
  4.2997800e-001
  4.2997800e-001
  4.3207000e-001
  4.3207000e-001
  4.3268300e-001
  4.3268300e-001
  4.3625400e-001
  4.3625400e-001
  4.3773400e-001
  4.3773400e-001
  4.3860000e-001
  4.3860000e-001
  4.3860000e-001
  4.3860000e-001
  4.3860000e-001
  4.3860000e-001
  4.3860000e-001
  4.3860000e-001
  4.4426400e-001
  4.4426400e-001
  4.4426400e-001
  4.4426400e-001
  4.4426400e-001
  4.4426400e-001
  4.4426400e-001
  4.4426400e-001
  4.4783500e-001
  4.4783500e-001
  4.4783500e-001
  4.4783500e-001
  4.5079300e-001
  4.5079300e-001
  4.5079300e-001
  4.5079300e-001
  4.5079300e-001
  4.5079300e-001
  4.5201900e-001
  4.5201900e-001
  4.5584400e-001
  4.5584400e-001
  4.5584400e-001
  4.5584400e-001
  4.5584400e-001
  4.5584400e-001
  4.5768200e-001
  4.5768200e-001
  4.6150800e-001
  4.6150800e-001
  4.6507900e-001
  4.6507900e-001
  4.6655800e-001
  4.6655800e-001
  4.6655800e-001
  4.6655800e-001
  4.6803700e-001
  4.6803700e-001
  4.6803700e-001
  4.6803700e-001
  4.6803700e-001
  4.6803700e-001
  4.6803700e-001
  4.6803700e-001
  4.6803700e-001
  4.6803700e-001
  4.6803700e-001
  4.6803700e-001
  4.6803700e-001
  4.6803700e-001
  4.7012900e-001
  4.7012900e-001
  4.7012900e-001
  4.7012900e-001
  4.7012900e-001
  4.7012900e-001
  4.7160900e-001
  4.7160900e-001
  4.7222200e-001
  4.7222200e-001
  4.7283400e-001
  4.7283400e-001
  4.7518000e-001
  4.7518000e-001
  4.7518000e-001
  4.7518000e-001
  4.7640600e-001
  4.7640600e-001
  4.7640600e-001
  4.7640600e-001
  4.8084300e-001
  4.8084300e-001
  4.8145600e-001
  4.8145600e-001
  4.8528100e-001
  4.8528100e-001
  4.8528100e-001
  4.8528100e-001
  4.8528100e-001
  4.8528100e-001
  4.8528100e-001
  4.8528100e-001
  4.8589400e-001
  4.8589400e-001
  4.8798600e-001
  4.8798600e-001
  4.8946500e-001
  4.8946500e-001
  4.9094500e-001
  4.9094500e-001
  4.9303700e-001
  4.9303700e-001
  4.9451600e-001
  4.9451600e-001
  4.9574200e-001
  4.9574200e-001
  4.9599500e-001
  4.9599500e-001
  4.9747500e-001
  4.9747500e-001
  4.9747500e-001
  4.9747500e-001
  4.9747500e-001
  4.9747500e-001
  4.9747500e-001
  4.9747500e-001
  5.0079200e-001
  5.0079200e-001
  5.0104600e-001
  5.0104600e-001
  5.0584300e-001
  5.0584300e-001
  5.0584300e-001
  5.0584300e-001
  5.0584300e-001
  5.0584300e-001
  5.0609700e-001
  5.0609700e-001
  5.0670900e-001
  5.0670900e-001
  5.0732200e-001
  5.0732200e-001
  5.0818900e-001
  5.0818900e-001
  5.0966800e-001
  5.0966800e-001
  5.0966800e-001
  5.0966800e-001
  5.0966800e-001
  5.0966800e-001
  5.1089300e-001
  5.1089300e-001
  5.1176000e-001
  5.1176000e-001
  5.1176000e-001
  5.1176000e-001
  5.1237300e-001
  5.1237300e-001
  5.1533100e-001
  5.1533100e-001
  5.1681100e-001
  5.1681100e-001
  5.1681100e-001
  5.1681100e-001
  5.1829000e-001
  5.1829000e-001
  5.1829000e-001
  5.1829000e-001
  5.2247400e-001
  5.2247400e-001
  5.2517900e-001
  5.2517900e-001
  5.2543300e-001
  5.2543300e-001
  5.2604500e-001
  5.2604500e-001
  5.2604500e-001
  5.2604500e-001
  5.2691200e-001
  5.2691200e-001
  5.2691200e-001
  5.2691200e-001
  5.2691200e-001
  5.2691200e-001
  5.2900400e-001
  5.2900400e-001
  5.2900400e-001
  5.2900400e-001
  5.3109600e-001
  5.3109600e-001
  5.3109600e-001
  5.3109600e-001
  5.3257500e-001
  5.3257500e-001
  5.3528000e-001
  5.3528000e-001
  5.3528000e-001
  5.3528000e-001
  5.3528000e-001
  5.3528000e-001
  5.3553400e-001
  5.3553400e-001
  5.3614700e-001
  5.3614700e-001
  5.3614700e-001
  5.3614700e-001
  5.3762600e-001
  5.3762600e-001
  5.4033100e-001
  5.4033100e-001
  5.4328900e-001
  5.4328900e-001
  5.4624800e-001
  5.4624800e-001
  5.4624800e-001
  5.4624800e-001
  5.4624800e-001
  5.4624800e-001
  5.4624800e-001
  5.4624800e-001
  5.4624800e-001
  5.4624800e-001
  5.4624800e-001
  5.4624800e-001
  5.4624800e-001
  5.4624800e-001
  5.4686100e-001
  5.4686100e-001
  5.5043200e-001
  5.5043200e-001
  5.5043200e-001
  5.5043200e-001
  5.5129900e-001
  5.5129900e-001
  5.5129900e-001
  5.5129900e-001
  5.5129900e-001
  5.5129900e-001
  5.5129900e-001
  5.5129900e-001
  5.5548300e-001
  5.5548300e-001
  5.5634900e-001
  5.5634900e-001
  5.5634900e-001
  5.5634900e-001
  5.5757500e-001
  5.5757500e-001
  5.5844100e-001
  5.5844100e-001
  5.5844100e-001
  5.5844100e-001
  5.6053300e-001
  5.6053300e-001
  5.6053300e-001
  5.6053300e-001
  5.6471700e-001
  5.6471700e-001
  5.6558400e-001
  5.6558400e-001
  5.6558400e-001
  5.6558400e-001
  5.6558400e-001
  5.6558400e-001
  5.6558400e-001
  5.6558400e-001
  5.6558400e-001
  5.6558400e-001
  5.6558400e-001
  5.6558400e-001
  5.6558400e-001
  5.6558400e-001
  5.6558400e-001
  5.6558400e-001
  5.6558400e-001
  5.6558400e-001
  5.7211400e-001
  5.7211400e-001
  5.7568500e-001
  5.7568500e-001
  5.7568500e-001
  5.7568500e-001
  5.7568500e-001
  5.7568500e-001
  5.7568500e-001
  5.7568500e-001
  5.7568500e-001
  5.7568500e-001
  5.7629800e-001
  5.7629800e-001
  5.7629800e-001
  5.7629800e-001
  5.7777700e-001
  5.7777700e-001
  5.8073600e-001
  5.8073600e-001
  5.8073600e-001
  5.8073600e-001
  5.8073600e-001
  5.8073600e-001
  5.8073600e-001
  5.8073600e-001
  5.8134900e-001
  5.8134900e-001
  5.8282800e-001
  5.8282800e-001
  5.8282800e-001
  5.8282800e-001
  5.8430700e-001
  5.8430700e-001
  5.8492000e-001
  5.8492000e-001
  5.8492000e-001
  5.8492000e-001
  5.8787800e-001
  5.8787800e-001
  5.8787800e-001
  5.8787800e-001
  5.8787800e-001
  5.8787800e-001
  5.8787800e-001
  5.8787800e-001
  5.8910400e-001
  5.8910400e-001
  5.8935800e-001
  5.8935800e-001
  5.9145000e-001
  5.9145000e-001
  5.9145000e-001
  5.9145000e-001
  5.9354200e-001
  5.9354200e-001
  5.9563400e-001
  5.9563400e-001
  5.9624700e-001
  5.9624700e-001
  5.9650000e-001
  5.9650000e-001
  6.0007200e-001
  6.0007200e-001
  6.0007200e-001
  6.0007200e-001
  6.0129700e-001
  6.0129700e-001
  6.0216400e-001
  6.0216400e-001
  6.0364300e-001
  6.0364300e-001
  6.0573500e-001
  6.0573500e-001
  6.0660200e-001
  6.0660200e-001
  6.0930700e-001
  6.0930700e-001
  6.0930700e-001
  6.0930700e-001
  6.1139900e-001
  6.1139900e-001
  6.1287800e-001
  6.1287800e-001
  6.1374400e-001
  6.1374400e-001
  6.1374400e-001
  6.1374400e-001
  6.1374400e-001
  6.1374400e-001
  6.1374400e-001
  6.1374400e-001
  6.1644900e-001
  6.1644900e-001
  6.1879500e-001
  6.1879500e-001
  6.1879500e-001
  6.1879500e-001
  6.2236600e-001
  6.2236600e-001
  6.2236600e-001
  6.2236600e-001
  6.2359200e-001
  6.2359200e-001
  6.2359200e-001
  6.2359200e-001
  6.2445800e-001
  6.2445800e-001
  6.2655000e-001
  6.2655000e-001
  6.3073500e-001
  6.3073500e-001
  6.3160100e-001
  6.3160100e-001
  6.3160100e-001
  6.3160100e-001
  6.3160100e-001
  6.3160100e-001
  6.3456000e-001
  6.3456000e-001
  6.3456000e-001
  6.3456000e-001
  6.3456000e-001
  6.3456000e-001
  6.3961000e-001
  6.3961000e-001
  6.3961000e-001
  6.3961000e-001
  6.3961000e-001
  6.3961000e-001
  6.3961000e-001
  6.3961000e-001
  6.3961000e-001
  6.3961000e-001
  6.3961000e-001
  6.3961000e-001
  6.3961000e-001
  6.3961000e-001
  6.4083600e-001
  6.4083600e-001
  6.4318200e-001
  6.4318200e-001
  6.4318200e-001
  6.4318200e-001
  6.4379400e-001
  6.4379400e-001
  6.4675300e-001
  6.4675300e-001
  6.4675300e-001
  6.4675300e-001
  6.4675300e-001
  6.4675300e-001
  6.4675300e-001
  6.4675300e-001
  6.4675300e-001
  6.4675300e-001
  6.4675300e-001
  6.4675300e-001
  6.4675300e-001
  6.4675300e-001
  6.4675300e-001
  6.4675300e-001
  6.4823200e-001
  6.4823200e-001
  6.5180400e-001
  6.5180400e-001
  6.5180400e-001
  6.5180400e-001
  6.5180400e-001
  6.5180400e-001
  6.5180400e-001
  6.5180400e-001
  6.5180400e-001
  6.5180400e-001
  6.5180400e-001
  6.5180400e-001
  6.5180400e-001
  6.5180400e-001
  6.5180400e-001
  6.5180400e-001
  6.5180400e-001
  6.5180400e-001
  6.5685400e-001
  6.5685400e-001
  6.5685400e-001
  6.5685400e-001
  6.5685400e-001
  6.5685400e-001
  6.5685400e-001
  6.5685400e-001
  6.6103800e-001
  6.6103800e-001
  6.6103800e-001
  6.6103800e-001
  6.6399700e-001
  6.6399700e-001
  6.6399700e-001
  6.6399700e-001
  6.6399700e-001
  6.6399700e-001
  6.6461000e-001
  6.6461000e-001
  6.6461000e-001
  6.6461000e-001
  6.6461000e-001
  6.6461000e-001
  6.7114000e-001
  6.7114000e-001
  6.7114000e-001
  6.7114000e-001
  6.7323200e-001
  6.7323200e-001
  6.7889500e-001
  6.7889500e-001
  6.7976200e-001
  6.7976200e-001
  6.7976200e-001
  6.7976200e-001
  6.8124100e-001
  6.8124100e-001
  6.8246600e-001
  6.8246600e-001
  6.8246600e-001
  6.8246600e-001
  6.8333300e-001
  6.8333300e-001
  6.8333300e-001
  6.8333300e-001
  6.8333300e-001
  6.8333300e-001
  6.8333300e-001
  6.8333300e-001
  6.8690400e-001
  6.8690400e-001
  6.8838400e-001
  6.8838400e-001
  6.8986300e-001
  6.8986300e-001
  6.8986300e-001
  6.8986300e-001
  6.9047600e-001
  6.9047600e-001
  6.9170100e-001
  6.9170100e-001
  6.9256800e-001
  6.9256800e-001
  6.9675200e-001
  6.9675200e-001
  6.9848500e-001
  6.9848500e-001
  6.9848500e-001
  6.9848500e-001
  6.9848500e-001
  6.9848500e-001
  6.9848500e-001
  6.9848500e-001
  6.9848500e-001
  6.9848500e-001
  6.9848500e-001
  6.9848500e-001
  6.9848500e-001
  6.9848500e-001
  6.9848500e-001
  6.9848500e-001
  6.9848500e-001
  6.9848500e-001
  6.9848500e-001
  6.9848500e-001
  6.9848500e-001
  6.9848500e-001
  6.9848500e-001
  6.9848500e-001
  7.0205600e-001
  7.0205600e-001
  7.0266900e-001
  7.0266900e-001
  7.0476100e-001
  7.0476100e-001
  7.0710700e-001
  7.0710700e-001
  7.1067800e-001
  7.1067800e-001
  7.1190400e-001
  7.1190400e-001
  7.1190400e-001
  7.1190400e-001
  7.1277000e-001
  7.1277000e-001
  7.1277000e-001
  7.1277000e-001
  7.1277000e-001
  7.1277000e-001
  7.1277000e-001
  7.1277000e-001
  7.1277000e-001
  7.1277000e-001
  7.1277000e-001
  7.1277000e-001
  7.1424900e-001
  7.1424900e-001
  7.1782100e-001
  7.1782100e-001
  7.1782100e-001
  7.1782100e-001
  7.1782100e-001
  7.1782100e-001
  7.1930000e-001
  7.1930000e-001
  7.2200500e-001
  7.2200500e-001
  7.2200500e-001
  7.2200500e-001
  7.2200500e-001
  7.2200500e-001
  7.2287100e-001
  7.2287100e-001
  7.2287100e-001
  7.2287100e-001
  7.2287100e-001
  7.2287100e-001
  7.2287100e-001
  7.2287100e-001
  7.2287100e-001
  7.2287100e-001
  7.2496300e-001
  7.2496300e-001
  7.2705600e-001
  7.2705600e-001
  7.2705600e-001
  7.2705600e-001
  7.2792200e-001
  7.2792200e-001
  7.2792200e-001
  7.2792200e-001
  7.2792200e-001
  7.2792200e-001
  7.2792200e-001
  7.2792200e-001
  7.2792200e-001
  7.2792200e-001
  7.2792200e-001
  7.2792200e-001
  7.2792200e-001
  7.2792200e-001
  7.3271900e-001
  7.3271900e-001
  7.3506500e-001
  7.3506500e-001
  7.3506500e-001
  7.3506500e-001
  7.3506500e-001
  7.3506500e-001
  7.3506500e-001
  7.3506500e-001
  7.3567700e-001
  7.3567700e-001
  7.4220700e-001
  7.4220700e-001
  7.4220700e-001
  7.4220700e-001
  7.4577900e-001
  7.4577900e-001
  7.4577900e-001
  7.4577900e-001
  7.4577900e-001
  7.4577900e-001
  7.4725800e-001
  7.4725800e-001
  7.4725800e-001
  7.4725800e-001
  7.4996300e-001
  7.4996300e-001
  7.5057600e-001
  7.5057600e-001
  7.5230900e-001
  7.5230900e-001
  7.5230900e-001
  7.5230900e-001
  7.5230900e-001
  7.5230900e-001
  7.5230900e-001
  7.5230900e-001
  7.5230900e-001
  7.5230900e-001
  7.5501300e-001
  7.5501300e-001
  7.5562600e-001
  7.5562600e-001
  7.5649300e-001
  7.5649300e-001
  7.5649300e-001
  7.5649300e-001
  7.5797200e-001
  7.5797200e-001
  7.5858500e-001
  7.5858500e-001
  7.5945100e-001
  7.5945100e-001
  7.5945100e-001
  7.5945100e-001
  7.6363500e-001
  7.6363500e-001
  7.6363500e-001
  7.6363500e-001
  7.6659400e-001
  7.6659400e-001
  7.7077800e-001
  7.7077800e-001
  7.7077800e-001
  7.7077800e-001
  7.7164500e-001
  7.7164500e-001
  7.7312400e-001
  7.7312400e-001
  7.7644100e-001
  7.7644100e-001
  7.7730800e-001
  7.7730800e-001
  7.7817500e-001
  7.7817500e-001
  7.7817500e-001
  7.7817500e-001
  7.8087900e-001
  7.8087900e-001
  7.8087900e-001
  7.8087900e-001
  7.8235900e-001
  7.8235900e-001
  7.8383800e-001
  7.8383800e-001
  7.8383800e-001
  7.8383800e-001
  7.8950100e-001
  7.8950100e-001
  7.9098100e-001
  7.9098100e-001
  7.9246000e-001
  7.9246000e-001
  7.9516500e-001
  7.9516500e-001
  7.9725700e-001
  7.9725700e-001
  7.9751100e-001
  7.9751100e-001
  7.9751100e-001
  7.9751100e-001
  7.9899000e-001
  7.9899000e-001
  7.9899000e-001
  7.9899000e-001
  7.9899000e-001
  7.9899000e-001
  7.9899000e-001
  7.9899000e-001
  7.9899000e-001
  7.9899000e-001
  7.9899000e-001
  7.9899000e-001
  7.9899000e-001
  7.9899000e-001
  7.9899000e-001
  7.9899000e-001
  7.9899000e-001
  7.9899000e-001
  8.0378700e-001
  8.0378700e-001
  8.1179600e-001
  8.1179600e-001
  8.1327500e-001
  8.1327500e-001
  8.1327500e-001
  8.1327500e-001
  8.1327500e-001
  8.1327500e-001
  8.1450100e-001
  8.1450100e-001
  8.1475500e-001
  8.1475500e-001
  8.1684700e-001
  8.1684700e-001
  8.1893900e-001
  8.1893900e-001
  8.1893900e-001
  8.1893900e-001
  8.1955100e-001
  8.1955100e-001
  8.1980500e-001
  8.1980500e-001
  8.1980500e-001
  8.1980500e-001
  8.2041800e-001
  8.2041800e-001
  8.2041800e-001
  8.2041800e-001
  8.2041800e-001
  8.2041800e-001
  8.2041800e-001
  8.2041800e-001
  8.2041800e-001
  8.2041800e-001
  8.2251000e-001
  8.2251000e-001
  8.2398900e-001
  8.2398900e-001
  8.2546900e-001
  8.2546900e-001
  8.2546900e-001
  8.2546900e-001
  8.2842700e-001
  8.2842700e-001
  8.2842700e-001
  8.2842700e-001
  8.2965300e-001
  8.2965300e-001
  8.2965300e-001
  8.2965300e-001
  8.3051900e-001
  8.3051900e-001
  8.3051900e-001
  8.3051900e-001
  8.3051900e-001
  8.3051900e-001
  8.3051900e-001
  8.3051900e-001
  8.3051900e-001
  8.3051900e-001
  8.3051900e-001
  8.3051900e-001
  8.3261100e-001
  8.3261100e-001
  8.3470300e-001
  8.3470300e-001
  8.3827500e-001
  8.3827500e-001
  8.3914100e-001
  8.3914100e-001
  8.3975400e-001
  8.3975400e-001
  8.3975400e-001
  8.3975400e-001
  8.3975400e-001
  8.3975400e-001
  8.3975400e-001
  8.3975400e-001
  8.4062000e-001
  8.4062000e-001
  8.4062000e-001
  8.4062000e-001
  8.4062000e-001
  8.4062000e-001
  8.4271200e-001
  8.4271200e-001
  8.4480500e-001
  8.4480500e-001
  8.4480500e-001
  8.4480500e-001
  8.4480500e-001
  8.4480500e-001
  8.4480500e-001
  8.4480500e-001
  8.4776300e-001
  8.4776300e-001
  8.4776300e-001
  8.4776300e-001
  8.4924200e-001
  8.4924200e-001
  8.4924200e-001
  8.4924200e-001
  8.5281400e-001
  8.5281400e-001
  8.5281400e-001
  8.5281400e-001
  8.5281400e-001
  8.5281400e-001
  8.5761100e-001
  8.5761100e-001
  8.5909000e-001
  8.5909000e-001
  8.5909000e-001
  8.5909000e-001
  8.5909000e-001
  8.5909000e-001
  8.5909000e-001
  8.5909000e-001
  8.6143600e-001
  8.6143600e-001
  8.6266100e-001
  8.6266100e-001
  8.6266100e-001
  8.6266100e-001
  8.6352800e-001
  8.6352800e-001
  8.6414000e-001
  8.6414000e-001
  8.6919100e-001
  8.6919100e-001
  8.7005800e-001
  8.7005800e-001
  8.7337500e-001
  8.7337500e-001
  8.7842600e-001
  8.7842600e-001
  8.7929200e-001
  8.7929200e-001
  8.7929200e-001
  8.7929200e-001
  8.8138400e-001
  8.8138400e-001
  8.8138400e-001
  8.8138400e-001
  8.8225100e-001
  8.8225100e-001
  8.8434300e-001
  8.8434300e-001
  8.8852700e-001
  8.8852700e-001
  8.9087300e-001
  8.9087300e-001
  8.9087300e-001
  8.9087300e-001
  8.9296500e-001
  8.9296500e-001
  8.9296500e-001
  8.9296500e-001
  8.9357800e-001
  8.9357800e-001
  8.9444400e-001
  8.9444400e-001
  8.9801600e-001
  8.9801600e-001
  8.9801600e-001
  8.9801600e-001
  8.9949500e-001
  8.9949500e-001
  8.9949500e-001
  8.9949500e-001
  9.0010800e-001
  9.0010800e-001
  9.0158700e-001
  9.0158700e-001
  9.0158700e-001
  9.0158700e-001
  9.0306600e-001
  9.0306600e-001
  9.0306600e-001
  9.0306600e-001
  9.0367900e-001
  9.0367900e-001
  9.0577100e-001
  9.0577100e-001
  9.0873000e-001
  9.0873000e-001
  9.1020900e-001
  9.1020900e-001
  9.1082200e-001
  9.1082200e-001
  9.1168800e-001
  9.1168800e-001
  9.1168800e-001
  9.1168800e-001
  9.1168800e-001
  9.1168800e-001
  9.1168800e-001
  9.1168800e-001
  9.1168800e-001
  9.1168800e-001
  9.1168800e-001
  9.1168800e-001
  9.1168800e-001
  9.1168800e-001
  9.1291400e-001
  9.1291400e-001
  9.1526000e-001
  9.1526000e-001
  9.1526000e-001
  9.1526000e-001
  9.1526000e-001
  9.1526000e-001
  9.1587200e-001
  9.1587200e-001
  9.1796400e-001
  9.1796400e-001
  9.1796400e-001
  9.1796400e-001
  9.1796400e-001
  9.1796400e-001
  9.1883100e-001
  9.1883100e-001
  9.1883100e-001
  9.1883100e-001
  9.1883100e-001
  9.1883100e-001
  9.1883100e-001
  9.1883100e-001
  9.1883100e-001
  9.1883100e-001
  9.1883100e-001
  9.1883100e-001
  9.1883100e-001
  9.1883100e-001
  9.1883100e-001
  9.1883100e-001
  9.1883100e-001
  9.1883100e-001
  9.1883100e-001
  9.1883100e-001
  9.1883100e-001
  9.1883100e-001
  9.1883100e-001
  9.1883100e-001
  9.1883100e-001
  9.1883100e-001
  9.1883100e-001
  9.1883100e-001
  9.1883100e-001
  9.1883100e-001
  9.1883100e-001
  9.1883100e-001
  9.1883100e-001
  9.1883100e-001
  9.1944400e-001
  9.1944400e-001
  9.2031000e-001
  9.2031000e-001
  9.2092300e-001
  9.2092300e-001
  9.2092300e-001
  9.2092300e-001
  9.2240200e-001
  9.2240200e-001
  9.2301500e-001
  9.2301500e-001
  9.2301500e-001
  9.2301500e-001
  9.2597400e-001
  9.2597400e-001
  9.2597400e-001
  9.2597400e-001
  9.3015800e-001
  9.3015800e-001
  9.3015800e-001
  9.3015800e-001
  9.3225000e-001
  9.3225000e-001
  9.3311600e-001
  9.3311600e-001
  9.3311600e-001
  9.3311600e-001
  9.3311600e-001
  9.3311600e-001
  9.3311600e-001
  9.3311600e-001
  9.3311600e-001
  9.3311600e-001
  9.3311600e-001
  9.3311600e-001
  9.3311600e-001
  9.3311600e-001
  9.3311600e-001
  9.3311600e-001
  9.3311600e-001
  9.3311600e-001
  9.3311600e-001
  9.3311600e-001
  9.3939200e-001
  9.3939200e-001
  9.4025900e-001
  9.4025900e-001
  9.4025900e-001
  9.4025900e-001
  9.4025900e-001
  9.4025900e-001
  9.4112500e-001
  9.4112500e-001
  9.4112500e-001
  9.4112500e-001
  9.4112500e-001
  9.4112500e-001
  9.4173800e-001
  9.4173800e-001
  9.4383000e-001
  9.4383000e-001
  9.4888100e-001
  9.4888100e-001
  9.5454400e-001
  9.5454400e-001
  9.5750300e-001
  9.5750300e-001
  9.6168700e-001
  9.6168700e-001
  9.6168700e-001
  9.6168700e-001
  9.6525800e-001
  9.6525800e-001
  9.6551200e-001
  9.6551200e-001
  9.6551200e-001
  9.6551200e-001
  9.6612500e-001
  9.6612500e-001
  9.6821700e-001
  9.6821700e-001
  9.6908300e-001
  9.6908300e-001
  9.6908300e-001
  9.6908300e-001
  9.7388000e-001
  9.7388000e-001
  9.7413400e-001
  9.7413400e-001
  9.7413400e-001
  9.7413400e-001
  9.7474700e-001
  9.7474700e-001
  9.7474700e-001
  9.7474700e-001
  9.7770500e-001
  9.7770500e-001
  9.7770500e-001
  9.7770500e-001
  9.7770500e-001
  9.7770500e-001
  9.7770500e-001
  9.7770500e-001
  9.7770500e-001
  9.7770500e-001
  9.8607400e-001
  9.8607400e-001
  9.8694000e-001
  9.8694000e-001
  9.8694000e-001
  9.8694000e-001
  9.9137800e-001
  9.9137800e-001
  9.9199100e-001
  9.9199100e-001
  9.9199100e-001
  9.9199100e-001
  9.9913300e-001
  9.9913300e-001
  9.9913300e-001
  9.9913300e-001
