  6.1300000e-004
  6.1300000e-004
  2.0920000e-003
  2.0920000e-003
  2.0920000e-003
  2.0920000e-003
  2.0920000e-003
  2.0920000e-003
  2.0920000e-003
  2.0920000e-003
  2.0920000e-003
  2.0920000e-003
  2.0920000e-003
  2.0920000e-003
  2.7050000e-003
  2.7050000e-003
  4.7970000e-003
  4.7970000e-003
  5.6630000e-003
  5.6630000e-003
  5.6630000e-003
  5.6630000e-003
  7.2480000e-003
  7.2480000e-003
  7.5020000e-003
  7.5020000e-003
  7.5020000e-003
  7.5020000e-003
  8.7270000e-003
  8.7270000e-003
  1.0714000e-002
  1.0714000e-002
  1.1073000e-002
  1.1073000e-002
  1.1686000e-002
  1.1686000e-002
  1.2193000e-002
  1.2193000e-002
  1.2193000e-002
  1.2193000e-002
  1.2193000e-002
  1.2193000e-002
  1.2193000e-002
  1.2193000e-002
  1.2806000e-002
  1.2806000e-002
  1.4285000e-002
  1.4285000e-002
  1.9949000e-002
  1.9949000e-002
  2.0815000e-002
  2.0815000e-002
  2.0815000e-002
  2.0815000e-002
  2.0815000e-002
  2.0815000e-002
  2.0815000e-002
  2.0815000e-002
  2.0815000e-002
  2.0815000e-002
  2.0815000e-002
  2.0815000e-002
  2.0815000e-002
  2.0815000e-002
  2.0815000e-002
  2.0815000e-002
  2.2654000e-002
  2.2654000e-002
  2.3520000e-002
  2.3520000e-002
  2.4387000e-002
  2.4387000e-002
  2.4387000e-002
  2.4387000e-002
  2.4387000e-002
  2.4387000e-002
  2.4387000e-002
  2.4387000e-002
  2.4387000e-002
  2.4387000e-002
  2.6479000e-002
  2.6479000e-002
  2.7958000e-002
  2.7958000e-002
  2.8571000e-002
  2.8571000e-002
  2.8571000e-002
  2.8571000e-002
  2.8571000e-002
  2.8571000e-002
  3.1529000e-002
  3.1529000e-002
  3.1634000e-002
  3.1634000e-002
  3.5713000e-002
  3.5713000e-002
  3.5713000e-002
  3.5713000e-002
  3.6939000e-002
  3.6939000e-002
  3.7805000e-002
  3.7805000e-002
  3.8672000e-002
  3.8672000e-002
  3.8672000e-002
  3.8672000e-002
  3.8672000e-002
  3.8672000e-002
  3.8672000e-002
  3.8672000e-002
  3.8672000e-002
  3.8672000e-002
  3.8672000e-002
  3.8672000e-002
  4.0151000e-002
  4.0151000e-002
  4.1631000e-002
  4.1631000e-002
  4.1631000e-002
  4.1631000e-002
  4.1631000e-002
  4.1631000e-002
  4.1631000e-002
  4.1631000e-002
  4.2856000e-002
  4.2856000e-002
  4.2856000e-002
  4.2856000e-002
  4.3469000e-002
  4.3469000e-002
  4.3723000e-002
  4.3723000e-002
  4.3723000e-002
  4.3723000e-002
  4.4335000e-002
  4.4335000e-002
  4.5815000e-002
  4.5815000e-002
  4.5815000e-002
  4.5815000e-002
  4.5815000e-002
  4.5815000e-002
  4.7040000e-002
  4.7040000e-002
  4.9132000e-002
  4.9132000e-002
  5.2091000e-002
  5.2091000e-002
  5.2091000e-002
  5.2091000e-002
  5.2345000e-002
  5.2345000e-002
  5.2345000e-002
  5.2345000e-002
  5.2957000e-002
  5.2957000e-002
  5.2957000e-002
  5.2957000e-002
  5.2957000e-002
  5.2957000e-002
  5.2957000e-002
  5.2957000e-002
  5.3824000e-002
  5.3824000e-002
  5.3824000e-002
  5.3824000e-002
  5.3824000e-002
  5.3824000e-002
  5.3824000e-002
  5.3824000e-002
  5.3824000e-002
  5.3824000e-002
  5.3824000e-002
  5.3824000e-002
  5.3824000e-002
  5.3824000e-002
  5.3824000e-002
  5.3824000e-002
  5.3824000e-002
  5.3824000e-002
  5.3824000e-002
  5.3824000e-002
  5.3824000e-002
  5.3824000e-002
  5.3824000e-002
  5.3824000e-002
  5.3824000e-002
  5.3824000e-002
  5.3824000e-002
  5.3824000e-002
  5.3824000e-002
  5.3824000e-002
  5.3824000e-002
  5.3824000e-002
  5.3824000e-002
  5.3824000e-002
  5.3824000e-002
  5.3824000e-002
  5.3824000e-002
  5.3824000e-002
  5.3824000e-002
  5.3824000e-002
  5.3824000e-002
  5.3824000e-002
  5.3824000e-002
  5.3824000e-002
  5.3824000e-002
  5.3824000e-002
  5.5662000e-002
  5.5662000e-002
  5.6888000e-002
  5.6888000e-002
  5.6888000e-002
  5.6888000e-002
  5.7141000e-002
  5.7141000e-002
  5.7395000e-002
  5.7395000e-002
  5.7395000e-002
  5.7395000e-002
  5.7395000e-002
  5.7395000e-002
  5.7395000e-002
  5.7395000e-002
  5.7395000e-002
  5.7395000e-002
  5.8367000e-002
  5.8367000e-002
  5.9233000e-002
  5.9233000e-002
  5.9233000e-002
  5.9233000e-002
  5.9487000e-002
  5.9487000e-002
  6.2192000e-002
  6.2192000e-002
  6.2551000e-002
  6.2551000e-002
  6.4897000e-002
  6.4897000e-002
  6.6376000e-002
  6.6376000e-002
  6.7243000e-002
  6.7243000e-002
  6.7243000e-002
  6.7243000e-002
  6.9335000e-002
  6.9335000e-002
  7.1068000e-002
  7.1068000e-002
  7.1068000e-002
  7.1068000e-002
  7.1681000e-002
  7.1681000e-002
  7.1681000e-002
  7.1681000e-002
  7.2039000e-002
  7.2039000e-002
  7.2039000e-002
  7.2039000e-002
  7.2293000e-002
  7.2293000e-002
  7.4744000e-002
  7.4744000e-002
  7.5252000e-002
  7.5252000e-002
  7.6477000e-002
  7.6477000e-002
  7.7090000e-002
  7.7090000e-002
  7.8823000e-002
  7.8823000e-002
  7.8823000e-002
  7.8823000e-002
  7.9436000e-002
  7.9436000e-002
  8.0303000e-002
  8.0303000e-002
  8.0915000e-002
  8.0915000e-002
  8.1528000e-002
  8.1528000e-002
  8.1528000e-002
  8.1528000e-002
  8.1528000e-002
  8.1528000e-002
  8.1782000e-002
  8.1782000e-002
  8.1782000e-002
  8.1782000e-002
  8.2395000e-002
  8.2395000e-002
  8.2395000e-002
  8.2395000e-002
  8.2395000e-002
  8.2395000e-002
  8.2395000e-002
  8.2395000e-002
  8.3261000e-002
  8.3261000e-002
  8.3261000e-002
  8.3261000e-002
  8.3261000e-002
  8.3261000e-002
  8.3261000e-002
  8.3261000e-002
  8.3261000e-002
  8.3261000e-002
  8.3261000e-002
  8.3261000e-002
  8.3261000e-002
  8.3261000e-002
  8.3261000e-002
  8.3261000e-002
  8.3261000e-002
  8.3261000e-002
  8.3261000e-002
  8.3261000e-002
  8.3261000e-002
  8.3261000e-002
  8.3261000e-002
  8.3261000e-002
  8.3261000e-002
  8.3261000e-002
  8.3261000e-002
  8.3261000e-002
  8.3261000e-002
  8.3261000e-002
  8.3261000e-002
  8.3261000e-002
  8.5458000e-002
  8.5458000e-002
  8.5966000e-002
  8.5966000e-002
  8.6579000e-002
  8.6579000e-002
  8.6579000e-002
  8.6579000e-002
  8.6832000e-002
  8.6832000e-002
  8.6832000e-002
  8.6832000e-002
  8.6832000e-002
  8.6832000e-002
  8.6832000e-002
  8.6832000e-002
  8.6832000e-002
  8.6832000e-002
  8.6832000e-002
  8.6832000e-002
  8.7445000e-002
  8.7445000e-002
  8.7445000e-002
  8.7445000e-002
  8.8671000e-002
  8.8671000e-002
  8.8671000e-002
  8.8671000e-002
  8.9537000e-002
  8.9537000e-002
  8.9537000e-002
  8.9537000e-002
  8.9537000e-002
  8.9537000e-002
  8.9537000e-002
  8.9537000e-002
  8.9896000e-002
  8.9896000e-002
  9.0150000e-002
  9.0150000e-002
  9.1017000e-002
  9.1017000e-002
  9.2242000e-002
  9.2242000e-002
  9.4588000e-002
  9.4588000e-002
  9.5201000e-002
  9.5201000e-002
  9.6067000e-002
  9.6067000e-002
  9.6426000e-002
  9.6426000e-002
  9.7293000e-002
  9.7293000e-002
  9.7293000e-002
  9.7293000e-002
  9.7546000e-002
  9.7546000e-002
  9.7546000e-002
  9.7546000e-002
  9.7546000e-002
  9.7546000e-002
  9.7546000e-002
  9.7546000e-002
  9.7546000e-002
  9.7546000e-002
  9.7546000e-002
  9.7546000e-002
  9.7905000e-002
  9.7905000e-002
  9.9997000e-002
  9.9997000e-002
  1.0111800e-001
  1.0111800e-001
  1.0111800e-001
  1.0111800e-001
  1.0259700e-001
  1.0259700e-001
  1.0259700e-001
  1.0259700e-001
  1.0259700e-001
  1.0259700e-001
  1.0295600e-001
  1.0295600e-001
  1.0356900e-001
  1.0356900e-001
  1.0714000e-001
  1.0714000e-001
  1.0764800e-001
  1.0764800e-001
  1.0764800e-001
  1.0764800e-001
  1.0764800e-001
  1.0764800e-001
  1.0764800e-001
  1.0764800e-001
  1.0764800e-001
  1.0764800e-001
  1.0764800e-001
  1.0764800e-001
  1.0826000e-001
  1.0826000e-001
  1.0974000e-001
  1.0974000e-001
  1.1244500e-001
  1.1244500e-001
  1.1269800e-001
  1.1269800e-001
  1.1269800e-001
  1.1269800e-001
  1.1269800e-001
  1.1269800e-001
  1.1479000e-001
  1.1479000e-001
  1.1479000e-001
  1.1479000e-001
  1.1479000e-001
  1.1479000e-001
  1.1724100e-001
  1.1724100e-001
  1.1724100e-001
  1.1724100e-001
  1.1836200e-001
  1.1836200e-001
  1.1897400e-001
  1.1897400e-001
  1.1897400e-001
  1.1897400e-001
  1.1984100e-001
  1.1984100e-001
  1.1984100e-001
  1.1984100e-001
  1.1984100e-001
  1.1984100e-001
  1.1984100e-001
  1.1984100e-001
  1.1984100e-001
  1.1984100e-001
  1.1984100e-001
  1.1984100e-001
  1.1984100e-001
  1.1984100e-001
  1.1984100e-001
  1.1984100e-001
  1.1984100e-001
  1.1984100e-001
  1.1984100e-001
  1.1984100e-001
  1.1984100e-001
  1.1984100e-001
  1.1984100e-001
  1.1984100e-001
  1.1984100e-001
  1.1984100e-001
  1.1984100e-001
  1.1984100e-001
  1.1984100e-001
  1.1984100e-001
  1.1984100e-001
  1.1984100e-001
  1.1984100e-001
  1.1984100e-001
  1.2020000e-001
  1.2020000e-001
  1.2020000e-001
  1.2020000e-001
  1.2045400e-001
  1.2045400e-001
  1.2106700e-001
  1.2106700e-001
  1.2132000e-001
  1.2132000e-001
  1.2193300e-001
  1.2193300e-001
  1.2193300e-001
  1.2193300e-001
  1.2193300e-001
  1.2193300e-001
  1.2315900e-001
  1.2315900e-001
  1.2438400e-001
  1.2438400e-001
  1.2611700e-001
  1.2611700e-001
  1.2611700e-001
  1.2611700e-001
  1.2611700e-001
  1.2611700e-001
  1.2907600e-001
  1.2907600e-001
  1.3178100e-001
  1.3178100e-001
  1.3203400e-001
  1.3203400e-001
  1.3203400e-001
  1.3203400e-001
  1.3203400e-001
  1.3203400e-001
  1.3239300e-001
  1.3239300e-001
  1.3239300e-001
  1.3239300e-001
  1.3239300e-001
  1.3239300e-001
  1.3300600e-001
  1.3300600e-001
  1.3351400e-001
  1.3351400e-001
  1.3448500e-001
  1.3448500e-001
  1.3571100e-001
  1.3571100e-001
  1.3917700e-001
  1.3917700e-001
  1.4040300e-001
  1.4040300e-001
  1.4213600e-001
  1.4213600e-001
  1.4213600e-001
  1.4213600e-001
  1.4310700e-001
  1.4310700e-001
  1.4422800e-001
  1.4422800e-001
  1.4422800e-001
  1.4422800e-001
  1.4484000e-001
  1.4484000e-001
  1.4484000e-001
  1.4484000e-001
  1.4581200e-001
  1.4581200e-001
  1.4927800e-001
  1.4927800e-001
  1.4927800e-001
  1.4927800e-001
  1.5025000e-001
  1.5025000e-001
  1.5050400e-001
  1.5050400e-001
  1.5111700e-001
  1.5111700e-001
  1.5111700e-001
  1.5111700e-001
  1.5137000e-001
  1.5137000e-001
  1.5137000e-001
  1.5137000e-001
  1.5285000e-001
  1.5285000e-001
  1.5285000e-001
  1.5285000e-001
  1.5285000e-001
  1.5285000e-001
  1.5285000e-001
  1.5285000e-001
  1.5382100e-001
  1.5382100e-001
  1.5432900e-001
  1.5432900e-001
  1.5432900e-001
  1.5432900e-001
  1.5432900e-001
  1.5432900e-001
  1.5555400e-001
  1.5555400e-001
  1.5555400e-001
  1.5555400e-001
  1.5555400e-001
  1.5555400e-001
  1.5555400e-001
  1.5555400e-001
  1.5642100e-001
  1.5642100e-001
  1.5642100e-001
  1.5642100e-001
  1.5642100e-001
  1.5642100e-001
  1.5790000e-001
  1.5790000e-001
  1.5825900e-001
  1.5825900e-001
  1.5887200e-001
  1.5887200e-001
  1.5999200e-001
  1.5999200e-001
  1.6060500e-001
  1.6060500e-001
  1.6060500e-001
  1.6060500e-001
  1.6060500e-001
  1.6060500e-001
  1.6060500e-001
  1.6060500e-001
  1.6060500e-001
  1.6060500e-001
  1.6060500e-001
  1.6060500e-001
  1.6096400e-001
  1.6096400e-001
  1.6147200e-001
  1.6147200e-001
  1.6147200e-001
  1.6147200e-001
  1.6147200e-001
  1.6147200e-001
  1.6147200e-001
  1.6147200e-001
  1.6147200e-001
  1.6147200e-001
  1.6183100e-001
  1.6183100e-001
  1.6183100e-001
  1.6183100e-001
  1.6295100e-001
  1.6295100e-001
  1.6295100e-001
  1.6295100e-001
  1.6295100e-001
  1.6295100e-001
  1.6356400e-001
  1.6356400e-001
  1.6565600e-001
  1.6565600e-001
  1.6565600e-001
  1.6565600e-001
  1.6565600e-001
  1.6565600e-001
  1.6836000e-001
  1.6836000e-001
  1.7218600e-001
  1.7218600e-001
  1.7341100e-001
  1.7341100e-001
  1.7366500e-001
  1.7366500e-001
  1.7366500e-001
  1.7366500e-001
  1.7427800e-001
  1.7427800e-001
  1.7514400e-001
  1.7514400e-001
  1.7514400e-001
  1.7514400e-001
  1.7550300e-001
  1.7550300e-001
  1.7611600e-001
  1.7611600e-001
  1.7611600e-001
  1.7611600e-001
  1.7698200e-001
  1.7698200e-001
  1.7784900e-001
  1.7784900e-001
  1.7784900e-001
  1.7784900e-001
  1.7871600e-001
  1.7871600e-001
  1.7871600e-001
  1.7871600e-001
  1.7871600e-001
  1.7871600e-001
  1.7871600e-001
  1.7871600e-001
  1.7871600e-001
  1.7871600e-001
  1.7994100e-001
  1.7994100e-001
  1.8055400e-001
  1.8055400e-001
  1.8080800e-001
  1.8080800e-001
  1.8080800e-001
  1.8080800e-001
  1.8080800e-001
  1.8080800e-001
  1.8080800e-001
  1.8080800e-001
  1.8080800e-001
  1.8080800e-001
  1.8080800e-001
  1.8080800e-001
  1.8080800e-001
  1.8080800e-001
  1.8080800e-001
  1.8080800e-001
  1.8080800e-001
  1.8080800e-001
  1.8142000e-001
  1.8142000e-001
  1.8228700e-001
  1.8228700e-001
  1.8228700e-001
  1.8228700e-001
  1.8228700e-001
  1.8228700e-001
  1.8325900e-001
  1.8325900e-001
  1.8376600e-001
  1.8376600e-001
  1.8499200e-001
  1.8499200e-001
  1.8499200e-001
  1.8499200e-001
  1.8499200e-001
  1.8499200e-001
  1.8499200e-001
  1.8499200e-001
  1.8585800e-001
  1.8585800e-001
  1.8585800e-001
  1.8585800e-001
  1.8621700e-001
  1.8621700e-001
  1.8647100e-001
  1.8647100e-001
  1.8795000e-001
  1.8795000e-001
  1.8795000e-001
  1.8795000e-001
  1.8830900e-001
  1.8830900e-001
  1.8943000e-001
  1.8943000e-001
  1.8943000e-001
  1.8943000e-001
  1.8953500e-001
  1.8953500e-001
  1.9152200e-001
  1.9152200e-001
  1.9249300e-001
  1.9249300e-001
  1.9274700e-001
  1.9274700e-001
  1.9300100e-001
  1.9300100e-001
  1.9300100e-001
  1.9300100e-001
  1.9300100e-001
  1.9300100e-001
  1.9300100e-001
  1.9300100e-001
  1.9336000e-001
  1.9336000e-001
  1.9448000e-001
  1.9448000e-001
  1.9509300e-001
  1.9509300e-001
  1.9595900e-001
  1.9595900e-001
  1.9595900e-001
  1.9595900e-001
  1.9595900e-001
  1.9595900e-001
  1.9595900e-001
  1.9595900e-001
  1.9595900e-001
  1.9595900e-001
  1.9595900e-001
  1.9595900e-001
  1.9595900e-001
  1.9595900e-001
  1.9595900e-001
  1.9595900e-001
  1.9754400e-001
  1.9754400e-001
  1.9805200e-001
  1.9805200e-001
  1.9805200e-001
  1.9805200e-001
  1.9841000e-001
  1.9841000e-001
  1.9927700e-001
  1.9927700e-001
  1.9927700e-001
  1.9927700e-001
  2.0014400e-001
  2.0014400e-001
  2.0014400e-001
  2.0014400e-001
  2.0014400e-001
  2.0014400e-001
  2.0014400e-001
  2.0014400e-001
  2.0014400e-001
  2.0014400e-001
  2.0014400e-001
  2.0014400e-001
  2.0014400e-001
  2.0014400e-001
  2.0014400e-001
  2.0014400e-001
  2.0014400e-001
  2.0014400e-001
  2.0014400e-001
  2.0014400e-001
  2.0050300e-001
  2.0050300e-001
  2.0223600e-001
  2.0223600e-001
  2.0223600e-001
  2.0223600e-001
  2.0223600e-001
  2.0223600e-001
  2.0223600e-001
  2.0223600e-001
  2.0432800e-001
  2.0432800e-001
  2.0519400e-001
  2.0519400e-001
  2.0519400e-001
  2.0519400e-001
  2.0642000e-001
  2.0642000e-001
  2.0642000e-001
  2.0642000e-001
  2.0703200e-001
  2.0703200e-001
  2.0815300e-001
  2.0815300e-001
  2.1024500e-001
  2.1024500e-001
  2.1060400e-001
  2.1060400e-001
  2.1233700e-001
  2.1233700e-001
  2.1233700e-001
  2.1233700e-001
  2.1269600e-001
  2.1269600e-001
  2.1269600e-001
  2.1269600e-001
  2.1295000e-001
  2.1295000e-001
  2.1356200e-001
  2.1356200e-001
  2.1356200e-001
  2.1356200e-001
  2.1442900e-001
  2.1442900e-001
  2.1478800e-001
  2.1478800e-001
  2.1590800e-001
  2.1590800e-001
  2.1652100e-001
  2.1652100e-001
  2.1861300e-001
  2.1861300e-001
  2.1948000e-001
  2.1948000e-001
  2.1948000e-001
  2.1948000e-001
  2.2009200e-001
  2.2009200e-001
  2.2157200e-001
  2.2157200e-001
  2.2279700e-001
  2.2279700e-001
  2.2366400e-001
  2.2366400e-001
  2.2539700e-001
  2.2539700e-001
  2.2539700e-001
  2.2539700e-001
  2.2600900e-001
  2.2600900e-001
  2.2662200e-001
  2.2662200e-001
  2.2784800e-001
  2.2784800e-001
  2.2784800e-001
  2.2784800e-001
  2.2784800e-001
  2.2784800e-001
  2.2810200e-001
  2.2810200e-001
  2.2896800e-001
  2.2896800e-001
  2.3167300e-001
  2.3167300e-001
  2.3289800e-001
  2.3289800e-001
  2.3315200e-001
  2.3315200e-001
  2.3401900e-001
  2.3401900e-001
  2.3401900e-001
  2.3401900e-001
  2.3463100e-001
  2.3463100e-001
  2.3463100e-001
  2.3463100e-001
  2.3524400e-001
  2.3524400e-001
  2.3585700e-001
  2.3585700e-001
  2.3611100e-001
  2.3611100e-001
  2.3611100e-001
  2.3611100e-001
  2.3794900e-001
  2.3794900e-001
  2.3794900e-001
  2.3794900e-001
  2.3794900e-001
  2.3794900e-001
  2.3881600e-001
  2.3881600e-001
  2.3881600e-001
  2.3881600e-001
  2.4029500e-001
  2.4029500e-001
  2.4177400e-001
  2.4177400e-001
  2.4177400e-001
  2.4177400e-001
  2.4213300e-001
  2.4213300e-001
  2.4213300e-001
  2.4213300e-001
  2.4213300e-001
  2.4213300e-001
  2.4238700e-001
  2.4238700e-001
  2.4300000e-001
  2.4300000e-001
  2.4300000e-001
  2.4300000e-001
  2.4386600e-001
  2.4386600e-001
  2.4386600e-001
  2.4386600e-001
  2.4473300e-001
  2.4473300e-001
  2.4473300e-001
  2.4473300e-001
  2.4473300e-001
  2.4473300e-001
  2.4473300e-001
  2.4473300e-001
  2.4473300e-001
  2.4473300e-001
  2.4657100e-001
  2.4657100e-001
  2.4779600e-001
  2.4779600e-001
  2.4805000e-001
  2.4805000e-001
  2.4805000e-001
  2.4805000e-001
  2.4805000e-001
  2.4805000e-001
  2.4830400e-001
  2.4830400e-001
  2.4830400e-001
  2.4830400e-001
  2.4927600e-001
  2.4927600e-001
  2.5014200e-001
  2.5014200e-001
  2.5014200e-001
  2.5014200e-001
  2.5039600e-001
  2.5039600e-001
  2.5248800e-001
  2.5248800e-001
  2.5371400e-001
  2.5371400e-001
  2.5493900e-001
  2.5493900e-001
  2.5580600e-001
  2.5580600e-001
  2.5605900e-001
  2.5605900e-001
  2.5641800e-001
  2.5641800e-001
  2.5692600e-001
  2.5692600e-001
  2.5692600e-001
  2.5692600e-001
  2.5728500e-001
  2.5728500e-001
  2.5728500e-001
  2.5728500e-001
  2.5753900e-001
  2.5753900e-001
  2.5876400e-001
  2.5876400e-001
  2.5963100e-001
  2.5963100e-001
  2.6060300e-001
  2.6060300e-001
  2.6294800e-001
  2.6294800e-001
  2.6320200e-001
  2.6320200e-001
  2.6345600e-001
  2.6345600e-001
  2.6345600e-001
  2.6345600e-001
  2.6345600e-001
  2.6345600e-001
  2.6345600e-001
  2.6345600e-001
  2.6468100e-001
  2.6468100e-001
  2.6652000e-001
  2.6652000e-001
  2.6702700e-001
  2.6702700e-001
  2.6702700e-001
  2.6702700e-001
  2.6702700e-001
  2.6702700e-001
  2.6702700e-001
  2.6702700e-001
  2.6702700e-001
  2.6702700e-001
  2.6702700e-001
  2.6702700e-001
  2.6702700e-001
  2.6702700e-001
  2.6702700e-001
  2.6702700e-001
  2.6702700e-001
  2.6702700e-001
  2.6738600e-001
  2.6738600e-001
  2.6738600e-001
  2.6738600e-001
  2.6973200e-001
  2.6973200e-001
  2.7034500e-001
  2.7034500e-001
  2.7095800e-001
  2.7095800e-001
  2.7157000e-001
  2.7157000e-001
  2.7243700e-001
  2.7243700e-001
  2.7243700e-001
  2.7243700e-001
  2.7417000e-001
  2.7417000e-001
  2.7564900e-001
  2.7564900e-001
  2.7662100e-001
  2.7662100e-001
  2.7748800e-001
  2.7748800e-001
  2.7835400e-001
  2.7835400e-001
  2.7835400e-001
  2.7835400e-001
  2.7835400e-001
  2.7835400e-001
  2.7835400e-001
  2.7835400e-001
  2.7835400e-001
  2.7835400e-001
  2.7835400e-001
  2.7835400e-001
  2.7835400e-001
  2.7835400e-001
  2.8131300e-001
  2.8131300e-001
  2.8131300e-001
  2.8131300e-001
  2.8131300e-001
  2.8131300e-001
  2.8131300e-001
  2.8131300e-001
  2.8253800e-001
  2.8253800e-001
  2.8279200e-001
  2.8279200e-001
  2.8427100e-001
  2.8427100e-001
  2.8427100e-001
  2.8427100e-001
  2.8427100e-001
  2.8427100e-001
  2.8427100e-001
  2.8427100e-001
  2.8427100e-001
  2.8427100e-001
  2.8427100e-001
  2.8427100e-001
  2.8488400e-001
  2.8488400e-001
  2.8488400e-001
  2.8488400e-001
  2.8488400e-001
  2.8488400e-001
  2.8672200e-001
  2.8672200e-001
  2.8672200e-001
  2.8672200e-001
  2.8784300e-001
  2.8784300e-001
  2.8820200e-001
  2.8820200e-001
  2.8906800e-001
  2.8906800e-001
  2.8993500e-001
  2.8993500e-001
  2.8993500e-001
  2.8993500e-001
  2.8993500e-001
  2.8993500e-001
  2.9116000e-001
  2.9116000e-001
  2.9325200e-001
  2.9325200e-001
  2.9350600e-001
  2.9350600e-001
  2.9350600e-001
  2.9350600e-001
  2.9350600e-001
  2.9350600e-001
  2.9498500e-001
  2.9498500e-001
  2.9559800e-001
  2.9559800e-001
  2.9559800e-001
  2.9559800e-001
  2.9559800e-001
  2.9559800e-001
  2.9707700e-001
  2.9707700e-001
  3.0003600e-001
  3.0003600e-001
  3.0003600e-001
  3.0003600e-001
  3.0187400e-001
  3.0187400e-001
  3.0274100e-001
  3.0274100e-001
  3.0274100e-001
  3.0274100e-001
  3.0274100e-001
  3.0274100e-001
  3.0274100e-001
  3.0274100e-001
  3.0274100e-001
  3.0274100e-001
  3.0274100e-001
  3.0274100e-001
  3.0335300e-001
  3.0335300e-001
  3.0508700e-001
  3.0508700e-001
  3.0544500e-001
  3.0544500e-001
  3.0544500e-001
  3.0544500e-001
  3.0692500e-001
  3.0692500e-001
  3.0865800e-001
  3.0865800e-001
  3.0865800e-001
  3.0865800e-001
  3.0865800e-001
  3.0865800e-001
  3.0865800e-001
  3.0865800e-001
  3.0865800e-001
  3.0865800e-001
  3.0865800e-001
  3.0865800e-001
  3.0988300e-001
  3.0988300e-001
  3.0988300e-001
  3.0988300e-001
  3.1075000e-001
  3.1075000e-001
  3.1075000e-001
  3.1075000e-001
  3.1110900e-001
  3.1110900e-001
  3.1222900e-001
  3.1222900e-001
  3.1258800e-001
  3.1258800e-001
  3.1284200e-001
  3.1284200e-001
  3.1284200e-001
  3.1284200e-001
  3.1370800e-001
  3.1370800e-001
  3.1406700e-001
  3.1406700e-001
  3.1432100e-001
  3.1432100e-001
  3.1641300e-001
  3.1641300e-001
  3.1728000e-001
  3.1728000e-001
  3.1789300e-001
  3.1789300e-001
  3.1825200e-001
  3.1825200e-001
  3.1850500e-001
  3.1850500e-001
  3.1850500e-001
  3.1850500e-001
  3.2059700e-001
  3.2059700e-001
  3.2059700e-001
  3.2059700e-001
  3.2059700e-001
  3.2059700e-001
  3.2503500e-001
  3.2503500e-001
  3.2503500e-001
  3.2503500e-001
  3.2626100e-001
  3.2626100e-001
  3.2687300e-001
  3.2687300e-001
  3.2712700e-001
  3.2712700e-001
  3.2712700e-001
  3.2712700e-001
  3.2712700e-001
  3.2712700e-001
  3.2799400e-001
  3.2799400e-001
  3.2835300e-001
  3.2835300e-001
  3.2835300e-001
  3.2835300e-001
  3.2860700e-001
  3.2860700e-001
  3.3008600e-001
  3.3008600e-001
  3.3131100e-001
  3.3131100e-001
  3.3304400e-001
  3.3304400e-001
  3.3304400e-001
  3.3304400e-001
  3.3304400e-001
  3.3304400e-001
  3.3304400e-001
  3.3304400e-001
  3.3304400e-001
  3.3304400e-001
  3.3304400e-001
  3.3304400e-001
  3.3574900e-001
  3.3574900e-001
  3.3722900e-001
  3.3722900e-001
  3.3722900e-001
  3.3722900e-001
  3.3809500e-001
  3.3809500e-001
  3.3809500e-001
  3.3809500e-001
  3.3809500e-001
  3.3809500e-001
  3.3809500e-001
  3.3809500e-001
  3.3809500e-001
  3.3809500e-001
  3.3809500e-001
  3.3809500e-001
  3.3809500e-001
  3.3809500e-001
  3.3809500e-001
  3.3809500e-001
  3.3809500e-001
  3.3809500e-001
  3.3809500e-001
  3.3809500e-001
  3.3809500e-001
  3.3809500e-001
  3.3845400e-001
  3.3845400e-001
  3.3845400e-001
  3.3845400e-001
  3.3845400e-001
  3.3845400e-001
  3.3845400e-001
  3.3845400e-001
  3.3932100e-001
  3.3932100e-001
  3.4080000e-001
  3.4080000e-001
  3.4115900e-001
  3.4115900e-001
  3.4498400e-001
  3.4498400e-001
  3.4671700e-001
  3.4671700e-001
  3.4733000e-001
  3.4733000e-001
  3.4733000e-001
  3.4733000e-001
  3.4855500e-001
  3.4855500e-001
  3.5028800e-001
  3.5028800e-001
  3.5028800e-001
  3.5028800e-001
  3.5028800e-001
  3.5028800e-001
  3.5090100e-001
  3.5090100e-001
  3.5090100e-001
  3.5090100e-001
  3.5187300e-001
  3.5187300e-001
  3.5212700e-001
  3.5212700e-001
  3.5360600e-001
  3.5360600e-001
  3.5360600e-001
  3.5360600e-001
  3.5386000e-001
  3.5386000e-001
  3.5386000e-001
  3.5386000e-001
  3.5447300e-001
  3.5447300e-001
  3.5447300e-001
  3.5447300e-001
  3.5569800e-001
  3.5569800e-001
  3.5631100e-001
  3.5631100e-001
  3.5779000e-001
  3.5779000e-001
  3.5865700e-001
  3.5865700e-001
  3.5865700e-001
  3.5865700e-001
  3.5865700e-001
  3.5865700e-001
  3.5952300e-001
  3.5952300e-001
  3.5952300e-001
  3.5952300e-001
  3.6074900e-001
  3.6074900e-001
  3.6100200e-001
  3.6100200e-001
  3.6248200e-001
  3.6248200e-001
  3.6370700e-001
  3.6370700e-001
  3.6396100e-001
  3.6396100e-001
  3.6396100e-001
  3.6396100e-001
  3.6406600e-001
  3.6406600e-001
  3.6432000e-001
  3.6432000e-001
  3.6457400e-001
  3.6457400e-001
  3.6493300e-001
  3.6493300e-001
  3.6493300e-001
  3.6493300e-001
  3.6615800e-001
  3.6615800e-001
  3.6702500e-001
  3.6702500e-001
  3.6789100e-001
  3.6789100e-001
  3.6875800e-001
  3.6875800e-001
  3.6875800e-001
  3.6875800e-001
  3.7059600e-001
  3.7059600e-001
  3.7110400e-001
  3.7110400e-001
  3.7171600e-001
  3.7171600e-001
  3.7207500e-001
  3.7207500e-001
  3.7232900e-001
  3.7232900e-001
  3.7319600e-001
  3.7319600e-001
  3.7380800e-001
  3.7380800e-001
  3.7380800e-001
  3.7380800e-001
  3.7416700e-001
  3.7416700e-001
  3.7416700e-001
  3.7416700e-001
  3.7467500e-001
  3.7467500e-001
  3.7467500e-001
  3.7467500e-001
  3.7590100e-001
  3.7590100e-001
  3.7590100e-001
  3.7590100e-001
  3.7590100e-001
  3.7590100e-001
  3.7676700e-001
  3.7676700e-001
  3.7676700e-001
  3.7676700e-001
  3.7676700e-001
  3.7676700e-001
  3.7676700e-001
  3.7676700e-001
  3.7676700e-001
  3.7676700e-001
  3.7676700e-001
  3.7676700e-001
  3.7676700e-001
  3.7676700e-001
  3.7676700e-001
  3.7676700e-001
  3.7824600e-001
  3.7824600e-001
  3.7972600e-001
  3.7972600e-001
  3.7972600e-001
  3.7972600e-001
  3.8033800e-001
  3.8033800e-001
  3.8033800e-001
  3.8033800e-001
  3.8304300e-001
  3.8304300e-001
  3.8365600e-001
  3.8365600e-001
  3.8391000e-001
  3.8391000e-001
  3.8391000e-001
  3.8391000e-001
  3.8391000e-001
  3.8391000e-001
  3.8391000e-001
  3.8391000e-001
  3.8391000e-001
  3.8391000e-001
  3.8391000e-001
  3.8391000e-001
  3.8391000e-001
  3.8391000e-001
  3.8391000e-001
  3.8391000e-001
  3.8391000e-001
  3.8391000e-001
  3.8391000e-001
  3.8391000e-001
  3.8391000e-001
  3.8391000e-001
  3.8391000e-001
  3.8391000e-001
  3.8477600e-001
  3.8477600e-001
  3.8477600e-001
  3.8477600e-001
  3.8661500e-001
  3.8661500e-001
  3.8809400e-001
  3.8809400e-001
  3.8834800e-001
  3.8834800e-001
  3.8834800e-001
  3.8834800e-001
  3.8896000e-001
  3.8896000e-001
  3.8896000e-001
  3.8896000e-001
  3.8931900e-001
  3.8931900e-001
  3.8931900e-001
  3.8931900e-001
  3.8957300e-001
  3.8957300e-001
  3.9018600e-001
  3.9018600e-001
  3.9044000e-001
  3.9044000e-001
  3.9166500e-001
  3.9166500e-001
  3.9191900e-001
  3.9191900e-001
  3.9191900e-001
  3.9191900e-001
  3.9191900e-001
  3.9191900e-001
  3.9191900e-001
  3.9191900e-001
  3.9191900e-001
  3.9191900e-001
  3.9191900e-001
  3.9191900e-001
  3.9191900e-001
  3.9191900e-001
  3.9202400e-001
  3.9202400e-001
  3.9437000e-001
  3.9437000e-001
  3.9437000e-001
  3.9437000e-001
  3.9462400e-001
  3.9462400e-001
  3.9523700e-001
  3.9523700e-001
  3.9523700e-001
  3.9523700e-001
  3.9610300e-001
  3.9610300e-001
  3.9610300e-001
  3.9610300e-001
  3.9671600e-001
  3.9671600e-001
  3.9819500e-001
  3.9819500e-001
  3.9819500e-001
  3.9819500e-001
  3.9906200e-001
  3.9906200e-001
  3.9906200e-001
  3.9906200e-001
  3.9906200e-001
  3.9906200e-001
  3.9906200e-001
  3.9906200e-001
  3.9942100e-001
  3.9942100e-001
  3.9942100e-001
  3.9942100e-001
  4.0028700e-001
  4.0028700e-001
  4.0115400e-001
  4.0115400e-001
  4.0263300e-001
  4.0263300e-001
  4.0263300e-001
  4.0263300e-001
  4.0411200e-001
  4.0411200e-001
  4.0411200e-001
  4.0411200e-001
  4.0411200e-001
  4.0411200e-001
  4.0411200e-001
  4.0411200e-001
  4.0411200e-001
  4.0411200e-001
  4.0559200e-001
  4.0559200e-001
  4.0620400e-001
  4.0620400e-001
  4.0620400e-001
  4.0620400e-001
  4.0620400e-001
  4.0620400e-001
  4.0620400e-001
  4.0620400e-001
  4.0620400e-001
  4.0620400e-001
  4.0890900e-001
  4.0890900e-001
  4.0890900e-001
  4.0890900e-001
  4.0916300e-001
  4.0916300e-001
  4.0916300e-001
  4.0916300e-001
  4.0977600e-001
  4.0977600e-001
  4.1309300e-001
  4.1309300e-001
  4.1334700e-001
  4.1334700e-001
  4.1370600e-001
  4.1370600e-001
  4.1396000e-001
  4.1396000e-001
  4.1421400e-001
  4.1421400e-001
  4.1421400e-001
  4.1421400e-001
  4.1421400e-001
  4.1421400e-001
  4.1421400e-001
  4.1421400e-001
  4.1421400e-001
  4.1421400e-001
  4.1421400e-001
  4.1421400e-001
  4.1421400e-001
  4.1421400e-001
  4.1421400e-001
  4.1421400e-001
  4.1421400e-001
  4.1421400e-001
  4.1421400e-001
  4.1421400e-001
  4.1421400e-001
  4.1421400e-001
  4.1421400e-001
  4.1421400e-001
  4.1421400e-001
  4.1421400e-001
  4.1421400e-001
  4.1421400e-001
  4.1421400e-001
  4.1421400e-001
  4.1543900e-001
  4.1543900e-001
  4.1543900e-001
  4.1543900e-001
  4.1630600e-001
  4.1630600e-001
  4.1630600e-001
  4.1630600e-001
  4.1630600e-001
  4.1630600e-001
  4.1630600e-001
  4.1630600e-001
  4.1691800e-001
  4.1691800e-001
  4.1691800e-001
  4.1691800e-001
  4.1691800e-001
  4.1691800e-001
  4.1691800e-001
  4.1691800e-001
  4.1753100e-001
  4.1753100e-001
  4.2049000e-001
  4.2049000e-001
  4.2049000e-001
  4.2049000e-001
  4.2049000e-001
  4.2049000e-001
  4.2084900e-001
  4.2084900e-001
  4.2135600e-001
  4.2135600e-001
  4.2135600e-001
  4.2135600e-001
  4.2135600e-001
  4.2135600e-001
  4.2135600e-001
  4.2135600e-001
  4.2467400e-001
  4.2467400e-001
  4.2492800e-001
  4.2492800e-001
  4.2503300e-001
  4.2503300e-001
  4.2640700e-001
  4.2640700e-001
  4.2640700e-001
  4.2640700e-001
  4.2640700e-001
  4.2640700e-001
  4.2640700e-001
  4.2640700e-001
  4.2640700e-001
  4.2640700e-001
  4.2640700e-001
  4.2640700e-001
  4.2640700e-001
  4.2640700e-001
  4.2640700e-001
  4.2640700e-001
  4.2676600e-001
  4.2676600e-001
  4.2676600e-001
  4.2676600e-001
  4.2737900e-001
  4.2737900e-001
  4.2763200e-001
  4.2763200e-001
  4.2763200e-001
  4.2763200e-001
  4.2849900e-001
  4.2849900e-001
  4.2849900e-001
  4.2849900e-001
  4.2849900e-001
  4.2849900e-001
  4.2849900e-001
  4.2849900e-001
  4.3120400e-001
  4.3120400e-001
  4.3181600e-001
  4.3181600e-001
  4.3355000e-001
  4.3355000e-001
  4.3355000e-001
  4.3355000e-001
  4.3390800e-001
  4.3390800e-001
  4.3390800e-001
  4.3390800e-001
  4.3477500e-001
  4.3477500e-001
  4.3477500e-001
  4.3477500e-001
  4.3477500e-001
  4.3477500e-001
  4.3477500e-001
  4.3477500e-001
  4.3477500e-001
  4.3477500e-001
  4.3477500e-001
  4.3477500e-001
  4.3477500e-001
  4.3477500e-001
  4.3477500e-001
  4.3477500e-001
  4.3477500e-001
  4.3477500e-001
  4.3477500e-001
  4.3477500e-001
  4.3477500e-001
  4.3477500e-001
  4.3477500e-001
  4.3477500e-001
  4.3477500e-001
  4.3477500e-001
  4.3477500e-001
  4.3477500e-001
  4.3502900e-001
  4.3502900e-001
  4.3564200e-001
  4.3564200e-001
  4.3564200e-001
  4.3564200e-001
  4.3564200e-001
  4.3564200e-001
  4.3564200e-001
  4.3564200e-001
  4.3564200e-001
  4.3564200e-001
  4.3712100e-001
  4.3712100e-001
  4.3834600e-001
  4.3834600e-001
  4.3921300e-001
  4.3921300e-001
  4.3921300e-001
  4.3921300e-001
  4.4018500e-001
  4.4018500e-001
  4.4069200e-001
  4.4069200e-001
  4.4069200e-001
  4.4069200e-001
  4.4105100e-001
  4.4105100e-001
  4.4191800e-001
  4.4191800e-001
  4.4217200e-001
  4.4217200e-001
  4.4217200e-001
  4.4217200e-001
  4.4339700e-001
  4.4339700e-001
  4.4401000e-001
  4.4401000e-001
  4.4401000e-001
  4.4401000e-001
  4.4462200e-001
  4.4462200e-001
  4.4487600e-001
  4.4487600e-001
  4.4487600e-001
  4.4487600e-001
  4.4487600e-001
  4.4487600e-001
  4.4732700e-001
  4.4732700e-001
  4.4906000e-001
  4.4906000e-001
  4.4906000e-001
  4.4906000e-001
  4.4906000e-001
  4.4906000e-001
  4.4906000e-001
  4.4906000e-001
  4.5054000e-001
  4.5054000e-001
  4.5201900e-001
  4.5201900e-001
  4.5263200e-001
  4.5263200e-001
  4.5263200e-001
  4.5263200e-001
  4.5288600e-001
  4.5288600e-001
  4.5533700e-001
  4.5533700e-001
  4.5793600e-001
  4.5793600e-001
  4.5793600e-001
  4.5793600e-001
  4.5793600e-001
  4.5793600e-001
  4.5793600e-001
  4.5793600e-001
  4.5916200e-001
  4.5916200e-001
  4.6002800e-001
  4.6002800e-001
  4.6002800e-001
  4.6002800e-001
  4.6298700e-001
  4.6298700e-001
  4.6298700e-001
  4.6298700e-001
  4.6482500e-001
  4.6482500e-001
  4.6507900e-001
  4.6507900e-001
  4.6507900e-001
  4.6507900e-001
  4.6507900e-001
  4.6507900e-001
  4.6507900e-001
  4.6507900e-001
  4.6507900e-001
  4.6507900e-001
  4.6507900e-001
  4.6507900e-001
  4.6507900e-001
  4.6507900e-001
  4.6507900e-001
  4.6507900e-001
  4.6507900e-001
  4.6507900e-001
  4.6507900e-001
  4.6507900e-001
  4.6507900e-001
  4.6507900e-001
  4.6507900e-001
  4.6507900e-001
  4.6507900e-001
  4.6507900e-001
  4.6507900e-001
  4.6507900e-001
  4.6507900e-001
  4.6507900e-001
  4.6507900e-001
  4.6507900e-001
  4.6507900e-001
  4.6507900e-001
  4.6507900e-001
  4.6507900e-001
  4.6543800e-001
  4.6543800e-001
  4.6778400e-001
  4.6778400e-001
  4.6803700e-001
  4.6803700e-001
  4.6803700e-001
  4.6803700e-001
  4.6865000e-001
  4.6865000e-001
  4.6865000e-001
  4.6865000e-001
  4.6926300e-001
  4.6926300e-001
  4.7012900e-001
  4.7012900e-001
  4.7012900e-001
  4.7012900e-001
  4.7012900e-001
  4.7012900e-001
  4.7012900e-001
  4.7012900e-001
  4.7012900e-001
  4.7012900e-001
  4.7074200e-001
  4.7074200e-001
  4.7135500e-001
  4.7135500e-001
  4.7135500e-001
  4.7135500e-001
  4.7222200e-001
  4.7222200e-001
  4.7222200e-001
  4.7222200e-001
  4.7222200e-001
  4.7222200e-001
  4.7283400e-001
  4.7283400e-001
  4.7283400e-001
  4.7283400e-001
  4.7431400e-001
  4.7431400e-001
  4.7431400e-001
  4.7431400e-001
  4.7431400e-001
  4.7431400e-001
  4.7518000e-001
  4.7518000e-001
  4.7518000e-001
  4.7518000e-001
  4.7788500e-001
  4.7788500e-001
  4.7849800e-001
  4.7849800e-001
  4.8145600e-001
  4.8145600e-001
  4.8528100e-001
  4.8528100e-001
  4.8528100e-001
  4.8528100e-001
  4.8564000e-001
  4.8564000e-001
  4.8650700e-001
  4.8650700e-001
  4.8798600e-001
  4.8798600e-001
  4.8834500e-001
  4.8834500e-001
  4.8885300e-001
  4.8885300e-001
  4.8946500e-001
  4.8946500e-001
  4.8946500e-001
  4.8946500e-001
  4.8982400e-001
  4.8982400e-001
  4.9069100e-001
  4.9069100e-001
  4.9105000e-001
  4.9105000e-001
  4.9278300e-001
  4.9278300e-001
  4.9339600e-001
  4.9339600e-001
  4.9365000e-001
  4.9365000e-001
  4.9451600e-001
  4.9451600e-001
  4.9451600e-001
  4.9451600e-001
  4.9451600e-001
  4.9451600e-001
  4.9451600e-001
  4.9451600e-001
  4.9451600e-001
  4.9451600e-001
  4.9451600e-001
  4.9451600e-001
  4.9451600e-001
  4.9451600e-001
  4.9451600e-001
  4.9451600e-001
  4.9451600e-001
  4.9451600e-001
  4.9487500e-001
  4.9487500e-001
  4.9574200e-001
  4.9574200e-001
  4.9660800e-001
  4.9660800e-001
  4.9870000e-001
  4.9870000e-001
  4.9956700e-001
  4.9956700e-001
  5.0079200e-001
  5.0079200e-001
  5.0079200e-001
  5.0079200e-001
  5.0263000e-001
  5.0263000e-001
  5.0288400e-001
  5.0288400e-001
  5.0461700e-001
  5.0461700e-001
  5.0461700e-001
  5.0461700e-001
  5.0461700e-001
  5.0461700e-001
  5.0461700e-001
  5.0461700e-001
  5.0461700e-001
  5.0461700e-001
  5.0461700e-001
  5.0461700e-001
  5.0461700e-001
  5.0461700e-001
  5.0461700e-001
  5.0461700e-001
  5.0461700e-001
  5.0461700e-001
  5.0461700e-001
  5.0461700e-001
  5.0461700e-001
  5.0461700e-001
  5.0461700e-001
  5.0461700e-001
  5.0461700e-001
  5.0461700e-001
  5.0461700e-001
  5.0461700e-001
  5.0461700e-001
  5.0461700e-001
  5.0461700e-001
  5.0461700e-001
  5.0523000e-001
  5.0523000e-001
  5.0609700e-001
  5.0609700e-001
  5.0609700e-001
  5.0609700e-001
  5.0706800e-001
  5.0706800e-001
  5.0966800e-001
  5.0966800e-001
  5.0966800e-001
  5.0966800e-001
  5.0966800e-001
  5.0966800e-001
  5.0966800e-001
  5.0966800e-001
  5.0966800e-001
  5.0966800e-001
  5.0966800e-001
  5.0966800e-001
  5.0966800e-001
  5.0966800e-001
  5.0966800e-001
  5.0966800e-001
  5.0966800e-001
  5.0966800e-001
  5.1028100e-001
  5.1028100e-001
  5.1064000e-001
  5.1064000e-001
  5.1089300e-001
  5.1089300e-001
  5.1089300e-001
  5.1089300e-001
  5.1125200e-001
  5.1125200e-001
  5.1237300e-001
  5.1237300e-001
  5.1298600e-001
  5.1298600e-001
  5.1385200e-001
  5.1385200e-001
  5.1446500e-001
  5.1446500e-001
  5.1507800e-001
  5.1507800e-001
  5.1533100e-001
  5.1533100e-001
  5.1533100e-001
  5.1533100e-001
  5.1594400e-001
  5.1594400e-001
  5.1594400e-001
  5.1594400e-001
  5.1803600e-001
  5.1803600e-001
  5.1864900e-001
  5.1864900e-001
  5.1864900e-001
  5.1864900e-001
  5.2012800e-001
  5.2012800e-001
  5.2135400e-001
  5.2135400e-001
  5.2222000e-001
  5.2222000e-001
  5.2247400e-001
  5.2247400e-001
  5.2752500e-001
  5.2752500e-001
  5.2875000e-001
  5.2875000e-001
  5.2900400e-001
  5.2900400e-001
  5.2900400e-001
  5.2900400e-001
  5.2936300e-001
  5.2936300e-001
  5.2936300e-001
  5.2936300e-001
  5.2936300e-001
  5.2936300e-001
  5.2961700e-001
  5.2961700e-001
  5.3048300e-001
  5.3048300e-001
  5.3232200e-001
  5.3232200e-001
  5.3293400e-001
  5.3293400e-001
  5.3318800e-001
  5.3318800e-001
  5.3318800e-001
  5.3318800e-001
  5.3380100e-001
  5.3380100e-001
  5.3405500e-001
  5.3405500e-001
  5.3405500e-001
  5.3405500e-001
  5.3416000e-001
  5.3416000e-001
  5.3441400e-001
  5.3441400e-001
  5.3466700e-001
  5.3466700e-001
  5.3553400e-001
  5.3553400e-001
  5.3553400e-001
  5.3553400e-001
  5.3553400e-001
  5.3553400e-001
  5.3859800e-001
  5.3859800e-001
  5.3910500e-001
  5.3910500e-001
  5.3910500e-001
  5.3910500e-001
  5.3910500e-001
  5.3910500e-001
  5.3910500e-001
  5.3910500e-001
  5.3910500e-001
  5.3910500e-001
  5.3910500e-001
  5.3910500e-001
  5.3910500e-001
  5.3910500e-001
  5.3910500e-001
  5.3910500e-001
  5.4007700e-001
  5.4007700e-001
  5.4033100e-001
  5.4033100e-001
  5.4119700e-001
  5.4119700e-001
  5.4119700e-001
  5.4119700e-001
  5.4119700e-001
  5.4119700e-001
  5.4267700e-001
  5.4267700e-001
  5.4267700e-001
  5.4267700e-001
  5.4267700e-001
  5.4267700e-001
  5.4267700e-001
  5.4267700e-001
  5.4328900e-001
  5.4328900e-001
  5.4895300e-001
  5.4895300e-001
  5.4895300e-001
  5.4895300e-001
  5.4981900e-001
  5.4981900e-001
  5.4981900e-001
  5.4981900e-001
  5.4981900e-001
  5.4981900e-001
  5.4981900e-001
  5.4981900e-001
  5.4981900e-001
  5.4981900e-001
  5.5252400e-001
  5.5252400e-001
  5.5252400e-001
  5.5252400e-001
  5.5252400e-001
  5.5252400e-001
  5.5339100e-001
  5.5339100e-001
  5.5339100e-001
  5.5339100e-001
  5.5339100e-001
  5.5339100e-001
  5.5339100e-001
  5.5339100e-001
  5.5339100e-001
  5.5339100e-001
  5.5461600e-001
  5.5461600e-001
  5.5487000e-001
  5.5487000e-001
  5.5548300e-001
  5.5548300e-001
  5.5670800e-001
  5.5670800e-001
  5.5844100e-001
  5.5844100e-001
  5.5880000e-001
  5.5880000e-001
  5.6053300e-001
  5.6053300e-001
  5.6053300e-001
  5.6053300e-001
  5.6175900e-001
  5.6175900e-001
  5.6175900e-001
  5.6175900e-001
  5.6175900e-001
  5.6175900e-001
  5.6237200e-001
  5.6237200e-001
  5.6323800e-001
  5.6323800e-001
  5.6410500e-001
  5.6410500e-001
  5.6471700e-001
  5.6471700e-001
  5.6471700e-001
  5.6471700e-001
  5.6619700e-001
  5.6619700e-001
  5.6767600e-001
  5.6767600e-001
  5.6890100e-001
  5.6890100e-001
  5.6976800e-001
  5.6976800e-001
  5.7124700e-001
  5.7124700e-001
  5.7186000e-001
  5.7186000e-001
  5.7186000e-001
  5.7186000e-001
  5.7247300e-001
  5.7247300e-001
  5.7420600e-001
  5.7420600e-001
  5.7456500e-001
  5.7456500e-001
  5.7517800e-001
  5.7517800e-001
  5.7568500e-001
  5.7568500e-001
  5.7691100e-001
  5.7691100e-001
  5.7691100e-001
  5.7691100e-001
  5.7691100e-001
  5.7691100e-001
  5.7777700e-001
  5.7777700e-001
  5.7777700e-001
  5.7777700e-001
  5.7777700e-001
  5.7777700e-001
  5.7839000e-001
  5.7839000e-001
  5.7961500e-001
  5.7961500e-001
  5.8196100e-001
  5.8196100e-001
  5.8380000e-001
  5.8380000e-001
  5.8492000e-001
  5.8492000e-001
  5.8492000e-001
  5.8492000e-001
  5.8492000e-001
  5.8492000e-001
  5.8639900e-001
  5.8639900e-001
  5.8639900e-001
  5.8639900e-001
  5.8787800e-001
  5.8787800e-001
  5.8787800e-001
  5.8787800e-001
  5.8787800e-001
  5.8787800e-001
  5.8935800e-001
  5.8935800e-001
  5.8935800e-001
  5.8935800e-001
  5.8935800e-001
  5.8935800e-001
  5.8997100e-001
  5.8997100e-001
  5.8997100e-001
  5.8997100e-001
  5.9032900e-001
  5.9032900e-001
  5.9292900e-001
  5.9292900e-001
  5.9292900e-001
  5.9292900e-001
  5.9292900e-001
  5.9292900e-001
  5.9292900e-001
  5.9292900e-001
  5.9292900e-001
  5.9292900e-001
  5.9451400e-001
  5.9451400e-001
  5.9451400e-001
  5.9451400e-001
  5.9624700e-001
  5.9624700e-001
  5.9624700e-001
  5.9624700e-001
  5.9711300e-001
  5.9711300e-001
  5.9711300e-001
  5.9711300e-001
  5.9711300e-001
  5.9711300e-001
  5.9711300e-001
  5.9711300e-001
  5.9747200e-001
  5.9747200e-001
  5.9747200e-001
  5.9747200e-001
  5.9798000e-001
  5.9798000e-001
  5.9798000e-001
  5.9798000e-001
  5.9798000e-001
  5.9798000e-001
  5.9798000e-001
  5.9798000e-001
  5.9798000e-001
  5.9798000e-001
  5.9859200e-001
  5.9859200e-001
  5.9981800e-001
  5.9981800e-001
  5.9981800e-001
  5.9981800e-001
  5.9981800e-001
  5.9981800e-001
  6.0104300e-001
  6.0104300e-001
  6.0155100e-001
  6.0155100e-001
  6.0155100e-001
  6.0155100e-001
  6.0216400e-001
  6.0216400e-001
  6.0216400e-001
  6.0216400e-001
  6.0216400e-001
  6.0216400e-001
  6.0216400e-001
  6.0216400e-001
  6.0573500e-001
  6.0573500e-001
  6.0721400e-001
  6.0721400e-001
  6.0721400e-001
  6.0721400e-001
  6.0721400e-001
  6.0721400e-001
  6.0721400e-001
  6.0721400e-001
  6.0721400e-001
  6.0721400e-001
  6.0721400e-001
  6.0721400e-001
  6.0879900e-001
  6.0879900e-001
  6.0966500e-001
  6.0966500e-001
  6.0966500e-001
  6.0966500e-001
  6.1017300e-001
  6.1017300e-001
  6.1053200e-001
  6.1053200e-001
  6.1053200e-001
  6.1053200e-001
  6.1053200e-001
  6.1053200e-001
  6.1139900e-001
  6.1139900e-001
  6.1139900e-001
  6.1139900e-001
  6.1226500e-001
  6.1226500e-001
  6.1226500e-001
  6.1226500e-001
  6.1226500e-001
  6.1226500e-001
  6.1226500e-001
  6.1226500e-001
  6.1262400e-001
  6.1262400e-001
  6.1287800e-001
  6.1287800e-001
  6.1374400e-001
  6.1374400e-001
  6.1374400e-001
  6.1374400e-001
  6.1497000e-001
  6.1497000e-001
  6.1497000e-001
  6.1497000e-001
  6.1497000e-001
  6.1497000e-001
  6.1497000e-001
  6.1497000e-001
  6.1680800e-001
  6.1680800e-001
  6.1767500e-001
  6.1767500e-001
  6.1767500e-001
  6.1767500e-001
  6.1854100e-001
  6.1854100e-001
  6.1854100e-001
  6.1854100e-001
  6.1854100e-001
  6.1854100e-001
  6.1854100e-001
  6.1854100e-001
  6.1854100e-001
  6.1854100e-001
  6.1940800e-001
  6.1940800e-001
  6.1940800e-001
  6.1940800e-001
  6.1976700e-001
  6.1976700e-001
  6.2063300e-001
  6.2063300e-001
  6.2063300e-001
  6.2063300e-001
  6.2150000e-001
  6.2150000e-001
  6.2150000e-001
  6.2150000e-001
  6.2445800e-001
  6.2445800e-001
  6.2741700e-001
  6.2741700e-001
  6.2741700e-001
  6.2741700e-001
  6.2741700e-001
  6.2741700e-001
  6.2741700e-001
  6.2741700e-001
  6.2741700e-001
  6.2741700e-001
  6.2741700e-001
  6.2741700e-001
  6.2741700e-001
  6.2741700e-001
  6.2741700e-001
  6.2741700e-001
  6.2741700e-001
  6.2741700e-001
  6.2741700e-001
  6.2741700e-001
  6.2803000e-001
  6.2803000e-001
  6.2803000e-001
  6.2803000e-001
  6.2864200e-001
  6.2864200e-001
  6.2986800e-001
  6.2986800e-001
  6.3012200e-001
  6.3012200e-001
  6.3012200e-001
  6.3012200e-001
  6.3012200e-001
  6.3012200e-001
  6.3098800e-001
  6.3098800e-001
  6.3098800e-001
  6.3098800e-001
  6.3098800e-001
  6.3098800e-001
  6.3160100e-001
  6.3160100e-001
  6.3456000e-001
  6.3456000e-001
  6.3517200e-001
  6.3517200e-001
  6.3813100e-001
  6.3813100e-001
  6.3813100e-001
  6.3813100e-001
  6.3823600e-001
  6.3823600e-001
  6.3910300e-001
  6.3910300e-001
  6.4022300e-001
  6.4022300e-001
  6.4022300e-001
  6.4022300e-001
  6.4022300e-001
  6.4022300e-001
  6.4022300e-001
  6.4022300e-001
  6.4170200e-001
  6.4170200e-001
  6.4170200e-001
  6.4170200e-001
  6.4170200e-001
  6.4170200e-001
  6.4170200e-001
  6.4170200e-001
  6.4170200e-001
  6.4170200e-001
  6.4292800e-001
  6.4292800e-001
  6.4318200e-001
  6.4318200e-001
  6.4588600e-001
  6.4588600e-001
  6.4588600e-001
  6.4588600e-001
  6.4649900e-001
  6.4649900e-001
  6.4675300e-001
  6.4675300e-001
  6.4675300e-001
  6.4675300e-001
  6.4884500e-001
  6.4884500e-001
  6.4884500e-001
  6.4884500e-001
  6.4884500e-001
  6.4884500e-001
  6.4884500e-001
  6.4884500e-001
  6.5032400e-001
  6.5032400e-001
  6.5032400e-001
  6.5032400e-001
  6.5032400e-001
  6.5032400e-001
  6.5180400e-001
  6.5180400e-001
  6.5180400e-001
  6.5180400e-001
  6.5180400e-001
  6.5180400e-001
  6.5216300e-001
  6.5216300e-001
  6.5241600e-001
  6.5241600e-001
  6.5338800e-001
  6.5338800e-001
  6.5338800e-001
  6.5338800e-001
  6.5537500e-001
  6.5537500e-001
  6.5537500e-001
  6.5537500e-001
  6.5537500e-001
  6.5537500e-001
  6.5537500e-001
  6.5537500e-001
  6.5685400e-001
  6.5685400e-001
  6.5685400e-001
  6.5685400e-001
  6.5685400e-001
  6.5685400e-001
  6.5685400e-001
  6.5685400e-001
  6.5685400e-001
  6.5685400e-001
  6.5685400e-001
  6.5685400e-001
  6.5685400e-001
  6.5685400e-001
  6.5721300e-001
  6.5721300e-001
  6.5721300e-001
  6.5721300e-001
  6.5808000e-001
  6.5808000e-001
  6.5808000e-001
  6.5808000e-001
  6.5894600e-001
  6.5894600e-001
  6.5894600e-001
  6.5894600e-001
  6.6017200e-001
  6.6017200e-001
  6.6103800e-001
  6.6103800e-001
  6.6103800e-001
  6.6103800e-001
  6.6103800e-001
  6.6103800e-001
  6.6103800e-001
  6.6103800e-001
  6.6103800e-001
  6.6103800e-001
  6.6103800e-001
  6.6103800e-001
  6.6103800e-001
  6.6103800e-001
  6.6313000e-001
  6.6313000e-001
  6.6313000e-001
  6.6313000e-001
  6.6313000e-001
  6.6313000e-001
  6.6313000e-001
  6.6313000e-001
  6.6399700e-001
  6.6399700e-001
  6.6399700e-001
  6.6399700e-001
  6.6522200e-001
  6.6522200e-001
  6.6522200e-001
  6.6522200e-001
  6.6522200e-001
  6.6522200e-001
  6.6670200e-001
  6.6670200e-001
  6.6818100e-001
  6.6818100e-001
  6.6854000e-001
  6.6854000e-001
  6.6854000e-001
  6.6854000e-001
  6.6854000e-001
  6.6854000e-001
  6.7027300e-001
  6.7027300e-001
  6.7027300e-001
  6.7027300e-001
  6.7027300e-001
  6.7027300e-001
  6.7027300e-001
  6.7027300e-001
  6.7027300e-001
  6.7027300e-001
  6.7027300e-001
  6.7027300e-001
  6.7027300e-001
  6.7027300e-001
  6.7027300e-001
  6.7027300e-001
  6.7027300e-001
  6.7027300e-001
  6.7027300e-001
  6.7027300e-001
  6.7114000e-001
  6.7114000e-001
  6.7114000e-001
  6.7114000e-001
  6.7114000e-001
  6.7114000e-001
  6.7114000e-001
  6.7114000e-001
  6.7114000e-001
  6.7114000e-001
  6.7114000e-001
  6.7114000e-001
  6.7211100e-001
  6.7211100e-001
  6.7297800e-001
  6.7297800e-001
  6.7323200e-001
  6.7323200e-001
  6.7323200e-001
  6.7323200e-001
  6.7507000e-001
  6.7507000e-001
  6.7741600e-001
  6.7741600e-001
  6.7741600e-001
  6.7741600e-001
  6.7802800e-001
  6.7802800e-001
  6.7828200e-001
  6.7828200e-001
  6.7828200e-001
  6.7828200e-001
  6.7828200e-001
  6.7828200e-001
  6.7828200e-001
  6.7828200e-001
  6.7950800e-001
  6.7950800e-001
  6.8012100e-001
  6.8012100e-001
  6.8037400e-001
  6.8037400e-001
  6.8037400e-001
  6.8037400e-001
  6.8037400e-001
  6.8037400e-001
  6.8073300e-001
  6.8073300e-001
  6.8098700e-001
  6.8098700e-001
  6.8098700e-001
  6.8098700e-001
  6.8098700e-001
  6.8098700e-001
  6.8246600e-001
  6.8246600e-001
  6.8333300e-001
  6.8333300e-001
  6.8333300e-001
  6.8333300e-001
  6.8333300e-001
  6.8333300e-001
  6.8542500e-001
  6.8542500e-001
  6.8578400e-001
  6.8578400e-001
  6.8603800e-001
  6.8603800e-001
  6.8751700e-001
  6.8751700e-001
  6.8751700e-001
  6.8751700e-001
  6.8874200e-001
  6.8874200e-001
  6.8874200e-001
  6.8874200e-001
  6.8874200e-001
  6.8874200e-001
  6.8874200e-001
  6.8874200e-001
  6.8960900e-001
  6.8960900e-001
  6.8986300e-001
  6.8986300e-001
  6.8986300e-001
  6.8986300e-001
  6.9047600e-001
  6.9047600e-001
  6.9047600e-001
  6.9047600e-001
  6.9047600e-001
  6.9047600e-001
  6.9047600e-001
  6.9047600e-001
  6.9170100e-001
  6.9170100e-001
  6.9343400e-001
  6.9343400e-001
  6.9343400e-001
  6.9343400e-001
  6.9343400e-001
  6.9343400e-001
  6.9343400e-001
  6.9343400e-001
  6.9343400e-001
  6.9343400e-001
  6.9613900e-001
  6.9613900e-001
  6.9613900e-001
  6.9613900e-001
  6.9700600e-001
  6.9700600e-001
  6.9848500e-001
  6.9848500e-001
  6.9971000e-001
  6.9971000e-001
  7.0205600e-001
  7.0205600e-001
  7.0302800e-001
  7.0302800e-001
  7.0302800e-001
  7.0302800e-001
  7.0425300e-001
  7.0425300e-001
  7.0562700e-001
  7.0562700e-001
  7.0562700e-001
  7.0562700e-001
  7.0562700e-001
  7.0562700e-001
  7.0562700e-001
  7.0562700e-001
  7.0710700e-001
  7.0807800e-001
  7.0807800e-001
  7.0919900e-001
  7.0919900e-001
  7.0919900e-001
  7.0919900e-001
  7.0981200e-001
  7.0981200e-001
  7.0981200e-001
  7.0981200e-001
  7.1067800e-001
  7.1067800e-001
  7.1067800e-001
  7.1067800e-001
  7.1067800e-001
  7.1067800e-001
  7.1067800e-001
  7.1067800e-001
  7.1067800e-001
  7.1067800e-001
  7.1067800e-001
  7.1067800e-001
  7.1067800e-001
  7.1067800e-001
  7.1067800e-001
  7.1067800e-001
  7.1067800e-001
  7.1067800e-001
  7.1067800e-001
  7.1067800e-001
  7.1190400e-001
  7.1190400e-001
  7.1374200e-001
  7.1374200e-001
  7.1486200e-001
  7.1486200e-001
  7.1486200e-001
  7.1486200e-001
  7.1486200e-001
  7.1486200e-001
  7.1486200e-001
  7.1486200e-001
  7.1670000e-001
  7.1670000e-001
  7.1695400e-001
  7.1695400e-001
  7.1731300e-001
  7.1731300e-001
  7.1818000e-001
  7.1818000e-001
  7.1930000e-001
  7.1930000e-001
  7.1930000e-001
  7.1930000e-001
  7.1930000e-001
  7.1930000e-001
  7.1930000e-001
  7.1930000e-001
  7.1930000e-001
  7.1930000e-001
  7.1930000e-001
  7.1930000e-001
  7.1930000e-001
  7.1930000e-001
  7.1991300e-001
  7.1991300e-001
  7.2139200e-001
  7.2139200e-001
  7.2287100e-001
  7.2287100e-001
  7.2409700e-001
  7.2409700e-001
  7.2409700e-001
  7.2409700e-001
  7.2557600e-001
  7.2557600e-001
  7.2557600e-001
  7.2557600e-001
  7.2618900e-001
  7.2618900e-001
  7.2644300e-001
  7.2644300e-001
  7.2792200e-001
  7.2792200e-001
  7.2792200e-001
  7.2792200e-001
  7.3001400e-001
  7.3001400e-001
  7.3001400e-001
  7.3001400e-001
  7.3001400e-001
  7.3001400e-001
  7.3001400e-001
  7.3001400e-001
  7.3001400e-001
  7.3001400e-001
  7.3001400e-001
  7.3001400e-001
  7.3001400e-001
  7.3001400e-001
  7.3001400e-001
  7.3001400e-001
  7.3001400e-001
  7.3001400e-001
  7.3001400e-001
  7.3001400e-001
  7.3001400e-001
  7.3001400e-001
  7.3149300e-001
  7.3149300e-001
  7.3149300e-001
  7.3149300e-001
  7.3358500e-001
  7.3358500e-001
  7.3567700e-001
  7.3567700e-001
  7.3715700e-001
  7.3715700e-001
  7.3715700e-001
  7.3715700e-001
  7.3715700e-001
  7.3715700e-001
  7.3751600e-001
  7.3751600e-001
  7.3924900e-001
  7.3924900e-001
  7.3924900e-001
  7.3924900e-001
  7.4072800e-001
  7.4072800e-001
  7.4072800e-001
  7.4072800e-001
  7.4072800e-001
  7.4072800e-001
  7.4072800e-001
  7.4072800e-001
  7.4072800e-001
  7.4072800e-001
  7.4134100e-001
  7.4134100e-001
  7.4256600e-001
  7.4256600e-001
  7.4343300e-001
  7.4343300e-001
  7.4429900e-001
  7.4429900e-001
  7.4429900e-001
  7.4429900e-001
  7.4429900e-001
  7.4429900e-001
  7.4429900e-001
  7.4429900e-001
  7.4429900e-001
  7.4429900e-001
  7.4429900e-001
  7.4429900e-001
  7.4429900e-001
  7.4429900e-001
  7.4429900e-001
  7.4429900e-001
  7.4429900e-001
  7.4429900e-001
  7.4429900e-001
  7.4429900e-001
  7.4429900e-001
  7.4429900e-001
  7.4429900e-001
  7.4429900e-001
  7.4429900e-001
  7.4429900e-001
  7.4429900e-001
  7.4429900e-001
  7.4552500e-001
  7.4552500e-001
  7.4639100e-001
  7.4639100e-001
  7.4639100e-001
  7.4639100e-001
  7.4761700e-001
  7.4761700e-001
  7.4761700e-001
  7.4761700e-001
  7.4787100e-001
  7.4787100e-001
  7.4787100e-001
  7.4787100e-001
  7.4848400e-001
  7.4848400e-001
  7.4848400e-001
  7.4848400e-001
  7.4873700e-001
  7.4873700e-001
  7.4873700e-001
  7.4873700e-001
  7.5082900e-001
  7.5082900e-001
  7.5292100e-001
  7.5292100e-001
  7.5353400e-001
  7.5353400e-001
  7.5353400e-001
  7.5353400e-001
  7.5414700e-001
  7.5414700e-001
  7.5476000e-001
  7.5476000e-001
  7.5562600e-001
  7.5562600e-001
  7.5588000e-001
  7.5588000e-001
  7.5588000e-001
  7.5588000e-001
  7.5588000e-001
  7.5588000e-001
  7.5771800e-001
  7.5771800e-001
  7.5771800e-001
  7.5771800e-001
  7.5858500e-001
  7.5858500e-001
  7.5858500e-001
  7.5858500e-001
  7.5858500e-001
  7.5858500e-001
  7.5858500e-001
  7.5858500e-001
  7.5858500e-001
  7.5858500e-001
  7.5858500e-001
  7.5858500e-001
  7.5858500e-001
  7.5858500e-001
  7.6093100e-001
  7.6093100e-001
  7.6093100e-001
  7.6093100e-001
  7.6154300e-001
  7.6154300e-001
  7.6154300e-001
  7.6154300e-001
  7.6215600e-001
  7.6215600e-001
  7.6424800e-001
  7.6424800e-001
  7.6450200e-001
  7.6450200e-001
  7.6450200e-001
  7.6450200e-001
  7.6450200e-001
  7.6450200e-001
  7.6450200e-001
  7.6450200e-001
  7.6572700e-001
  7.6572700e-001
  7.6572700e-001
  7.6572700e-001
  7.6572700e-001
  7.6572700e-001
  7.6572700e-001
  7.6572700e-001
  7.6572700e-001
  7.6572700e-001
  7.6572700e-001
  7.6572700e-001
  7.6695300e-001
  7.6695300e-001
  7.6782000e-001
  7.6782000e-001
  7.6843200e-001
  7.6843200e-001
  7.6868600e-001
  7.6868600e-001
  7.6868600e-001
  7.6868600e-001
  7.6868600e-001
  7.6868600e-001
  7.6929900e-001
  7.6929900e-001
  7.6955300e-001
  7.6955300e-001
  7.7016500e-001
  7.7016500e-001
  7.7077800e-001
  7.7077800e-001
  7.7225700e-001
  7.7225700e-001
  7.7287000e-001
  7.7287000e-001
  7.7287000e-001
  7.7287000e-001
  7.7287000e-001
  7.7287000e-001
  7.7287000e-001
  7.7287000e-001
  7.7521600e-001
  7.7521600e-001
  7.7730800e-001
  7.7730800e-001
  7.7730800e-001
  7.7730800e-001
  7.7730800e-001
  7.7730800e-001
  7.8001300e-001
  7.8001300e-001
  7.8001300e-001
  7.8001300e-001
  7.8001300e-001
  7.8001300e-001
  7.8001300e-001
  7.8001300e-001
  7.8001300e-001
  7.8001300e-001
  7.8001300e-001
  7.8001300e-001
  7.8149200e-001
  7.8149200e-001
  7.8149200e-001
  7.8149200e-001
  7.8358400e-001
  7.8358400e-001
  7.8445100e-001
  7.8445100e-001
  7.8531700e-001
  7.8531700e-001
  7.8531700e-001
  7.8531700e-001
  7.8542200e-001
  7.8542200e-001
  7.8593000e-001
  7.8593000e-001
  7.8593000e-001
  7.8593000e-001
  7.8593000e-001
  7.8593000e-001
  7.8715600e-001
  7.8715600e-001
  7.8715600e-001
  7.8715600e-001
  7.8715600e-001
  7.8715600e-001
  7.8715600e-001
  7.8715600e-001
  7.8740900e-001
  7.8740900e-001
  7.8740900e-001
  7.8740900e-001
  7.8888900e-001
  7.8888900e-001
  7.8888900e-001
  7.8888900e-001
  7.8888900e-001
  7.8888900e-001
  7.8888900e-001
  7.8888900e-001
  7.8986000e-001
  7.8986000e-001
  7.9246000e-001
  7.9246000e-001
  7.9246000e-001
  7.9246000e-001
  7.9429800e-001
  7.9429800e-001
  7.9429800e-001
  7.9429800e-001
  7.9429800e-001
  7.9429800e-001
  7.9639000e-001
  7.9639000e-001
  7.9725700e-001
  7.9725700e-001
  7.9787000e-001
  7.9787000e-001
  8.0108200e-001
  8.0108200e-001
  8.0108200e-001
  8.0108200e-001
  8.0144100e-001
  8.0144100e-001
  8.0292000e-001
  8.0292000e-001
  8.0465300e-001
  8.0465300e-001
  8.0475800e-001
  8.0475800e-001
  8.0526600e-001
  8.0526600e-001
  8.0526600e-001
  8.0526600e-001
  8.0562500e-001
  8.0562500e-001
  8.0562500e-001
  8.0562500e-001
  8.0587900e-001
  8.0587900e-001
  8.0587900e-001
  8.0587900e-001
  8.0674500e-001
  8.0674500e-001
  8.0735800e-001
  8.0735800e-001
  8.0735800e-001
  8.0735800e-001
  8.0945000e-001
  8.0945000e-001
  8.1031700e-001
  8.1031700e-001
  8.1067600e-001
  8.1067600e-001
  8.1118300e-001
  8.1118300e-001
  8.1118300e-001
  8.1118300e-001
  8.1118300e-001
  8.1118300e-001
  8.1118300e-001
  8.1118300e-001
  8.1118300e-001
  8.1118300e-001
  8.1118300e-001
  8.1118300e-001
  8.1118300e-001
  8.1118300e-001
  8.1118300e-001
  8.1118300e-001
  8.1118300e-001
  8.1118300e-001
  8.1118300e-001
  8.1118300e-001
  8.1118300e-001
  8.1118300e-001
  8.1118300e-001
  8.1118300e-001
  8.1118300e-001
  8.1118300e-001
  8.1118300e-001
  8.1118300e-001
  8.1118300e-001
  8.1118300e-001
  8.1118300e-001
  8.1118300e-001
  8.1118300e-001
  8.1118300e-001
  8.1118300e-001
  8.1118300e-001
  8.1118300e-001
  8.1118300e-001
  8.1215500e-001
  8.1215500e-001
  8.1215500e-001
  8.1215500e-001
  8.1327500e-001
  8.1327500e-001
  8.1327500e-001
  8.1327500e-001
  8.1327500e-001
  8.1327500e-001
  8.1536700e-001
  8.1536700e-001
  8.1536700e-001
  8.1536700e-001
  8.1572600e-001
  8.1572600e-001
  8.1572600e-001
  8.1572600e-001
  8.1572600e-001
  8.1572600e-001
  8.1572600e-001
  8.1572600e-001
  8.1572600e-001
  8.1572600e-001
  8.1572600e-001
  8.1572600e-001
  8.1807200e-001
  8.1807200e-001
  8.1929800e-001
  8.1929800e-001
  8.1980500e-001
  8.1980500e-001
  8.1991000e-001
  8.1991000e-001
  8.2077700e-001
  8.2077700e-001
  8.2103100e-001
  8.2103100e-001
  8.2103100e-001
  8.2103100e-001
  8.2103100e-001
  8.2103100e-001
  8.2103100e-001
  8.2103100e-001
  8.2251000e-001
  8.2251000e-001
  8.2251000e-001
  8.2251000e-001
  8.2251000e-001
  8.2251000e-001
  8.2496100e-001
  8.2496100e-001
  8.2496100e-001
  8.2496100e-001
  8.2582700e-001
  8.2582700e-001
  8.2582700e-001
  8.2582700e-001
  8.2582700e-001
  8.2582700e-001
  8.2669400e-001
  8.2669400e-001
  8.2842700e-001
  8.2842700e-001
  8.2842700e-001
  8.2842700e-001
  8.2842700e-001
  8.2842700e-001
  8.2842700e-001
  8.2842700e-001
  8.2842700e-001
  8.2842700e-001
  8.2842700e-001
  8.2842700e-001
  8.2842700e-001
  8.2842700e-001
  8.2842700e-001
  8.2842700e-001
  8.2842700e-001
  8.2842700e-001
  8.2842700e-001
  8.2842700e-001
  8.2842700e-001
  8.2842700e-001
  8.2842700e-001
  8.2842700e-001
  8.3087800e-001
  8.3087800e-001
  8.3087800e-001
  8.3087800e-001
  8.3087800e-001
  8.3087800e-001
  8.3199800e-001
  8.3199800e-001
  8.3261100e-001
  8.3261100e-001
  8.3261100e-001
  8.3261100e-001
  8.3261100e-001
  8.3261100e-001
  8.3261100e-001
  8.3261100e-001
  8.3322400e-001
  8.3322400e-001
  8.3557000e-001
  8.3557000e-001
  8.3557000e-001
  8.3557000e-001
  8.3557000e-001
  8.3557000e-001
  8.3557000e-001
  8.3557000e-001
  8.3592900e-001
  8.3592900e-001
  8.3592900e-001
  8.3592900e-001
  8.3679500e-001
  8.3679500e-001
  8.4097900e-001
  8.4097900e-001
  8.4271200e-001
  8.4271200e-001
  8.4271200e-001
  8.4271200e-001
  8.4271200e-001
  8.4271200e-001
  8.4307100e-001
  8.4307100e-001
  8.4419200e-001
  8.4419200e-001
  8.4541700e-001
  8.4541700e-001
  8.4603000e-001
  8.4603000e-001
  8.4603000e-001
  8.4603000e-001
  8.4603000e-001
  8.4603000e-001
  8.4603000e-001
  8.4603000e-001
  8.4689700e-001
  8.4689700e-001
  8.4689700e-001
  8.4689700e-001
  8.4689700e-001
  8.4689700e-001
  8.4689700e-001
  8.4689700e-001
  8.4689700e-001
  8.4689700e-001
  8.4812200e-001
  8.4812200e-001
  8.4924200e-001
  8.4924200e-001
  8.4924200e-001
  8.4924200e-001
  8.4960100e-001
  8.4960100e-001
  8.5194700e-001
  8.5194700e-001
  8.5342600e-001
  8.5342600e-001
  8.5342600e-001
  8.5342600e-001
  8.5403900e-001
  8.5403900e-001
  8.5403900e-001
  8.5403900e-001
  8.5613100e-001
  8.5613100e-001
  8.5613100e-001
  8.5613100e-001
  8.5613100e-001
  8.5613100e-001
  8.5613100e-001
  8.5613100e-001
  8.5649000e-001
  8.5649000e-001
  8.5761100e-001
  8.5761100e-001
  8.6056900e-001
  8.6056900e-001
  8.6056900e-001
  8.6056900e-001
  8.6179500e-001
  8.6179500e-001
  8.6363300e-001
  8.6363300e-001
  8.6623300e-001
  8.6623300e-001
  8.6623300e-001
  8.6623300e-001
  8.6623300e-001
  8.6623300e-001
  8.6745800e-001
  8.6745800e-001
  8.7005800e-001
  8.7005800e-001
  8.7005800e-001
  8.7005800e-001
  8.7067000e-001
  8.7067000e-001
  8.7128300e-001
  8.7128300e-001
  8.7128300e-001
  8.7128300e-001
  8.7128300e-001
  8.7128300e-001
  8.7164200e-001
  8.7164200e-001
  8.7362900e-001
  8.7362900e-001
  8.7362900e-001
  8.7362900e-001
  8.7362900e-001
  8.7362900e-001
  8.7424200e-001
  8.7424200e-001
  8.7485500e-001
  8.7485500e-001
  8.7546700e-001
  8.7546700e-001
  8.7546700e-001
  8.7546700e-001
  8.7572100e-001
  8.7572100e-001
  8.7633400e-001
  8.7633400e-001
  8.7633400e-001
  8.7633400e-001
  8.7633400e-001
  8.7633400e-001
  8.7633400e-001
  8.7633400e-001
  8.7633400e-001
  8.7633400e-001
  8.7633400e-001
  8.7633400e-001
  8.7633400e-001
  8.7633400e-001
  8.7633400e-001
  8.7633400e-001
  8.7633400e-001
  8.7633400e-001
  8.7633400e-001
  8.7633400e-001
  8.7633400e-001
  8.7633400e-001
  8.7633400e-001
  8.7633400e-001
  8.7633400e-001
  8.7633400e-001
  8.7633400e-001
  8.7633400e-001
  8.7633400e-001
  8.7633400e-001
  8.7694700e-001
  8.7694700e-001
  8.7720000e-001
  8.7720000e-001
  8.7720000e-001
  8.7720000e-001
  8.7720000e-001
  8.7720000e-001
  8.7720000e-001
  8.7720000e-001
  8.7720000e-001
  8.7720000e-001
  8.7720000e-001
  8.7720000e-001
  8.7720000e-001
  8.7720000e-001
  8.8138400e-001
  8.8138400e-001
  8.8138400e-001
  8.8138400e-001
  8.8138400e-001
  8.8138400e-001
  8.8138400e-001
  8.8138400e-001
  8.8138400e-001
  8.8138400e-001
  8.8225100e-001
  8.8225100e-001
  8.8225100e-001
  8.8225100e-001
  8.8225100e-001
  8.8225100e-001
  8.8261000e-001
  8.8261000e-001
  8.8261000e-001
  8.8261000e-001
  8.8322300e-001
  8.8322300e-001
  8.8643500e-001
  8.8643500e-001
  8.8643500e-001
  8.8643500e-001
  8.8888600e-001
  8.8888600e-001
  8.9036500e-001
  8.9036500e-001
  8.9061900e-001
  8.9061900e-001
  8.9148600e-001
  8.9148600e-001
  8.9148600e-001
  8.9148600e-001
  8.9148600e-001
  8.9148600e-001
  8.9148600e-001
  8.9148600e-001
  8.9148600e-001
  8.9148600e-001
  8.9148600e-001
  8.9148600e-001
  8.9628300e-001
  8.9628300e-001
  8.9653600e-001
  8.9653600e-001
  8.9653600e-001
  8.9653600e-001
  8.9689500e-001
  8.9689500e-001
  8.9689500e-001
  8.9689500e-001
  8.9898700e-001
  8.9898700e-001
  8.9949500e-001
  8.9949500e-001
  8.9949500e-001
  8.9949500e-001
  8.9949500e-001
  8.9949500e-001
  8.9949500e-001
  8.9949500e-001
  8.9949500e-001
  8.9949500e-001
  8.9949500e-001
  8.9949500e-001
  8.9949500e-001
  8.9949500e-001
  9.0010800e-001
  9.0010800e-001
  9.0158700e-001
  9.0158700e-001
  9.0158700e-001
  9.0158700e-001
  9.0158700e-001
  9.0158700e-001
  9.0158700e-001
  9.0158700e-001
  9.0158700e-001
  9.0158700e-001
  9.0158700e-001
  9.0158700e-001
  9.0158700e-001
  9.0158700e-001
  9.0194600e-001
  9.0194600e-001
  9.0220000e-001
  9.0220000e-001
  9.0317100e-001
  9.0317100e-001
  9.0403800e-001
  9.0403800e-001
  9.0429200e-001
  9.0429200e-001
  9.0490500e-001
  9.0490500e-001
  9.0515800e-001
  9.0515800e-001
  9.0577100e-001
  9.0577100e-001
  9.0577100e-001
  9.0577100e-001
  9.0577100e-001
  9.0577100e-001
  9.0663800e-001
  9.0663800e-001
  9.0663800e-001
  9.0663800e-001
  9.0663800e-001
  9.0663800e-001
  9.0663800e-001
  9.0663800e-001
  9.0663800e-001
  9.0663800e-001
  9.0663800e-001
  9.0663800e-001
  9.0663800e-001
  9.0663800e-001
  9.0663800e-001
  9.0663800e-001
  9.0663800e-001
  9.0663800e-001
  9.0663800e-001
  9.0663800e-001
  9.0663800e-001
  9.0663800e-001
  9.0663800e-001
  9.0663800e-001
  9.0663800e-001
  9.0663800e-001
  9.0663800e-001
  9.0663800e-001
  9.0663800e-001
  9.0663800e-001
  9.0663800e-001
  9.0663800e-001
  9.0699700e-001
  9.0699700e-001
  9.0725000e-001
  9.0725000e-001
  9.0822200e-001
  9.0822200e-001
  9.0873000e-001
  9.0873000e-001
  9.1082200e-001
  9.1082200e-001
  9.1082200e-001
  9.1082200e-001
  9.1118100e-001
  9.1118100e-001
  9.1143400e-001
  9.1143400e-001
  9.1168800e-001
  9.1168800e-001
  9.1168800e-001
  9.1168800e-001
  9.1168800e-001
  9.1168800e-001
  9.1168800e-001
  9.1168800e-001
  9.1168800e-001
  9.1168800e-001
  9.1168800e-001
  9.1168800e-001
  9.1168800e-001
  9.1168800e-001
  9.1168800e-001
  9.1168800e-001
  9.1168800e-001
  9.1168800e-001
  9.1168800e-001
  9.1168800e-001
  9.1168800e-001
  9.1168800e-001
  9.1168800e-001
  9.1168800e-001
  9.1378000e-001
  9.1378000e-001
  9.1378000e-001
  9.1378000e-001
  9.1378000e-001
  9.1378000e-001
  9.1378000e-001
  9.1378000e-001
  9.1526000e-001
  9.1526000e-001
  9.1623100e-001
  9.1623100e-001
  9.1709800e-001
  9.1709800e-001
  9.1944400e-001
  9.1944400e-001
  9.2092300e-001
  9.2092300e-001
  9.2092300e-001
  9.2092300e-001
  9.2092300e-001
  9.2092300e-001
  9.2092300e-001
  9.2092300e-001
  9.2092300e-001
  9.2092300e-001
  9.2214800e-001
  9.2214800e-001
  9.2276100e-001
  9.2276100e-001
  9.2388200e-001
  9.2388200e-001
  9.2388200e-001
  9.2388200e-001
  9.2449400e-001
  9.2449400e-001
  9.2449400e-001
  9.2449400e-001
  9.2572000e-001
  9.2572000e-001
  9.2597400e-001
  9.2597400e-001
  9.2597400e-001
  9.2597400e-001
  9.2597400e-001
  9.2597400e-001
  9.2633300e-001
  9.2633300e-001
  9.2719900e-001
  9.2719900e-001
  9.2745300e-001
  9.2745300e-001
  9.3163700e-001
  9.3163700e-001
  9.3163700e-001
  9.3163700e-001
  9.3163700e-001
  9.3163700e-001
  9.3163700e-001
  9.3163700e-001
  9.3163700e-001
  9.3163700e-001
  9.3434200e-001
  9.3434200e-001
  9.3434200e-001
  9.3434200e-001
  9.3582100e-001
  9.3582100e-001
  9.3878000e-001
  9.3878000e-001
  9.3939200e-001
  9.3939200e-001
  9.4184300e-001
  9.4332300e-001
  9.4332300e-001
  9.4531000e-001
  9.4531000e-001
  9.4531000e-001
  9.4531000e-001
  9.4531000e-001
  9.4531000e-001
  9.4592200e-001
  9.4592200e-001
  9.4678900e-001
  9.4678900e-001
  9.4678900e-001
  9.4678900e-001
  9.4689400e-001
  9.4689400e-001
  9.4826800e-001
  9.4826800e-001
  9.4826800e-001
  9.4826800e-001
  9.5184000e-001
  9.5184000e-001
  9.5184000e-001
  9.5184000e-001
  9.5331900e-001
  9.5331900e-001
  9.5331900e-001
  9.5331900e-001
  9.5331900e-001
  9.5331900e-001
  9.5541100e-001
  9.5541100e-001
  9.5541100e-001
  9.5541100e-001
  9.5541100e-001
  9.5541100e-001
  9.5541100e-001
  9.5541100e-001
  9.5663600e-001
  9.5663600e-001
  9.5663600e-001
  9.5663600e-001
  9.5689000e-001
  9.5689000e-001
  9.5750300e-001
  9.5750300e-001
  9.5750300e-001
  9.5750300e-001
  9.5750300e-001
  9.5750300e-001
  9.6020800e-001
  9.6020800e-001
  9.6204600e-001
  9.6204600e-001
  9.6377900e-001
  9.6377900e-001
  9.6377900e-001
  9.6377900e-001
  9.6377900e-001
  9.6377900e-001
  9.6403300e-001
  9.6403300e-001
  9.6551200e-001
  9.6551200e-001
  9.6551200e-001
  9.6551200e-001
  9.6551200e-001
  9.6551200e-001
  9.6551200e-001
  9.6551200e-001
  9.6551200e-001
  9.6551200e-001
  9.6612500e-001
  9.6612500e-001
  9.6908300e-001
  9.6908300e-001
  9.6908300e-001
  9.6908300e-001
  9.7030900e-001
  9.7030900e-001
  9.7092200e-001
  9.7092200e-001
  9.7092200e-001
  9.7092200e-001
  9.7117500e-001
  9.7117500e-001
  9.7153400e-001
  9.7153400e-001
  9.7265500e-001
  9.7265500e-001
  9.7326800e-001
  9.7326800e-001
  9.7326800e-001
  9.7326800e-001
  9.7622600e-001
  9.7622600e-001
  9.7770500e-001
  9.7770500e-001
  9.7770500e-001
  9.7770500e-001
  9.7770500e-001
  9.7770500e-001
  9.7806400e-001
  9.7806400e-001
  9.7806400e-001
  9.7806400e-001
  9.7806400e-001
  9.7806400e-001
  9.7806400e-001
  9.7806400e-001
  9.7806400e-001
  9.7806400e-001
  9.7893100e-001
  9.7893100e-001
  9.8041000e-001
  9.8041000e-001
  9.8163600e-001
  9.8163600e-001
  9.8189000e-001
  9.8189000e-001
  9.8189000e-001
  9.8189000e-001
  9.8275600e-001
  9.8275600e-001
  9.8275600e-001
  9.8275600e-001
  9.8275600e-001
  9.8275600e-001
  9.8311500e-001
  9.8311500e-001
  9.8311500e-001
  9.8311500e-001
  9.8398200e-001
  9.8398200e-001
  9.8484800e-001
  9.8484800e-001
  9.8520700e-001
  9.8520700e-001
  9.8546100e-001
  9.8546100e-001
  9.8607400e-001
  9.8607400e-001
  9.8632700e-001
  9.8632700e-001
  9.8643300e-001
  9.8643300e-001
  9.8816600e-001
  9.8816600e-001
  9.8841900e-001
  9.8841900e-001
  9.8877800e-001
  9.8877800e-001
  9.8903200e-001
  9.8903200e-001
  9.9025800e-001
  9.9025800e-001
  9.9087000e-001
  9.9087000e-001
  9.9173700e-001
  9.9173700e-001
  9.9199100e-001
  9.9199100e-001
  9.9199100e-001
  9.9199100e-001
  9.9199100e-001
  9.9199100e-001
  9.9321600e-001
  9.9321600e-001
  9.9357500e-001
  9.9357500e-001
  9.9494900e-001
  9.9494900e-001
  9.9494900e-001
  9.9494900e-001
  9.9494900e-001
  9.9494900e-001
  9.9494900e-001
  9.9494900e-001
  9.9494900e-001
  9.9494900e-001
  9.9494900e-001
  9.9494900e-001
  9.9494900e-001
  9.9494900e-001
  9.9494900e-001
  9.9494900e-001
  9.9494900e-001
  9.9494900e-001
  9.9494900e-001
  9.9494900e-001
  9.9494900e-001
  9.9494900e-001
  9.9556200e-001
  9.9556200e-001
  9.9852100e-001
  9.9852100e-001
  9.9949200e-001
  9.9949200e-001
