  2.4510000e-003
  2.4510000e-003
  2.4510000e-003
  2.4510000e-003
  2.4510000e-003
  2.4510000e-003
  2.4510000e-003
  2.4510000e-003
  2.4510000e-003
  2.4510000e-003
  2.4510000e-003
  2.4510000e-003
  2.4510000e-003
  2.4510000e-003
  2.4510000e-003
  2.4510000e-003
  2.4510000e-003
  2.4510000e-003
  2.4510000e-003
  2.4510000e-003
  3.0640000e-003
  3.0640000e-003
  3.3180000e-003
  3.3180000e-003
  3.3180000e-003
  3.3180000e-003
  4.7970000e-003
  4.7970000e-003
  6.0220000e-003
  6.0220000e-003
  6.6350000e-003
  6.6350000e-003
  6.8890000e-003
  6.8890000e-003
  7.1430000e-003
  7.1430000e-003
  7.1430000e-003
  7.1430000e-003
  7.1430000e-003
  7.1430000e-003
  7.5020000e-003
  7.5020000e-003
  7.7550000e-003
  7.7550000e-003
  9.5940000e-003
  9.5940000e-003
  9.8470000e-003
  9.8470000e-003
  1.2193000e-002
  1.2193000e-002
  1.2193000e-002
  1.2193000e-002
  1.2193000e-002
  1.2193000e-002
  1.2193000e-002
  1.2193000e-002
  1.2193000e-002
  1.2193000e-002
  1.2552000e-002
  1.2552000e-002
  1.2552000e-002
  1.2552000e-002
  1.2552000e-002
  1.2552000e-002
  1.3165000e-002
  1.3165000e-002
  1.3419000e-002
  1.3419000e-002
  1.3419000e-002
  1.3419000e-002
  1.4285000e-002
  1.4285000e-002
  1.5257000e-002
  1.5257000e-002
  1.5765000e-002
  1.5765000e-002
  1.5765000e-002
  1.5765000e-002
  1.5765000e-002
  1.5765000e-002
  1.6736000e-002
  1.6736000e-002
  1.7603000e-002
  1.7603000e-002
  1.7603000e-002
  1.7603000e-002
  1.7603000e-002
  1.7603000e-002
  1.7603000e-002
  1.7603000e-002
  1.7603000e-002
  1.7603000e-002
  2.0308000e-002
  2.0308000e-002
  2.0815000e-002
  2.0815000e-002
  2.1428000e-002
  2.1428000e-002
  2.1428000e-002
  2.1428000e-002
  2.3520000e-002
  2.3520000e-002
  2.3520000e-002
  2.3520000e-002
  2.3879000e-002
  2.3879000e-002
  2.4387000e-002
  2.4387000e-002
  2.4387000e-002
  2.4387000e-002
  2.4387000e-002
  2.4387000e-002
  2.4387000e-002
  2.4387000e-002
  2.6479000e-002
  2.6479000e-002
  2.6479000e-002
  2.6479000e-002
  2.6479000e-002
  2.6479000e-002
  2.6479000e-002
  2.6479000e-002
  2.6479000e-002
  2.6479000e-002
  2.6479000e-002
  2.6479000e-002
  2.6479000e-002
  2.6479000e-002
  2.6479000e-002
  2.6479000e-002
  2.6479000e-002
  2.6479000e-002
  2.7704000e-002
  2.7704000e-002
  2.7704000e-002
  2.7704000e-002
  2.7704000e-002
  2.7704000e-002
  2.7958000e-002
  2.7958000e-002
  2.8317000e-002
  2.8317000e-002
  3.0663000e-002
  3.0663000e-002
  3.0663000e-002
  3.0663000e-002
  3.1022000e-002
  3.1022000e-002
  3.1022000e-002
  3.1022000e-002
  3.1888000e-002
  3.1888000e-002
  3.1888000e-002
  3.1888000e-002
  3.2755000e-002
  3.2755000e-002
  3.2755000e-002
  3.2755000e-002
  3.2755000e-002
  3.2755000e-002
  3.2755000e-002
  3.2755000e-002
  3.2755000e-002
  3.2755000e-002
  3.2755000e-002
  3.2755000e-002
  3.2755000e-002
  3.2755000e-002
  3.2755000e-002
  3.2755000e-002
  3.2755000e-002
  3.2755000e-002
  3.2755000e-002
  3.2755000e-002
  3.3009000e-002
  3.3009000e-002
  3.3009000e-002
  3.3009000e-002
  3.4847000e-002
  3.4847000e-002
  3.7193000e-002
  3.7193000e-002
  3.7805000e-002
  3.7805000e-002
  3.7805000e-002
  3.7805000e-002
  3.8672000e-002
  3.8672000e-002
  3.8672000e-002
  3.8672000e-002
  3.8672000e-002
  3.8672000e-002
  3.8672000e-002
  3.8672000e-002
  3.8672000e-002
  3.8672000e-002
  3.8672000e-002
  3.8672000e-002
  3.8672000e-002
  3.8672000e-002
  3.9031000e-002
  3.9031000e-002
  3.9031000e-002
  3.9031000e-002
  4.0764000e-002
  4.0764000e-002
  4.0764000e-002
  4.0764000e-002
  4.0764000e-002
  4.0764000e-002
  4.0764000e-002
  4.0764000e-002
  4.1989000e-002
  4.1989000e-002
  4.2856000e-002
  4.2856000e-002
  4.2856000e-002
  4.2856000e-002
  4.7040000e-002
  4.7040000e-002
  4.7653000e-002
  4.7653000e-002
  4.7907000e-002
  4.7907000e-002
  4.7907000e-002
  4.7907000e-002
  4.7907000e-002
  4.7907000e-002
  4.7907000e-002
  4.7907000e-002
  4.7907000e-002
  4.7907000e-002
  4.7907000e-002
  4.7907000e-002
  4.7907000e-002
  4.7907000e-002
  4.7907000e-002
  4.7907000e-002
  4.7907000e-002
  4.7907000e-002
  4.7907000e-002
  4.7907000e-002
  4.7907000e-002
  4.7907000e-002
  4.7907000e-002
  4.7907000e-002
  4.7907000e-002
  4.7907000e-002
  4.7907000e-002
  4.7907000e-002
  4.8773000e-002
  4.8773000e-002
  4.8773000e-002
  4.8773000e-002
  4.8773000e-002
  4.8773000e-002
  4.9386000e-002
  4.9386000e-002
  5.0611000e-002
  5.0611000e-002
  5.2957000e-002
  5.2957000e-002
  5.2957000e-002
  5.2957000e-002
  5.2957000e-002
  5.2957000e-002
  5.2957000e-002
  5.2957000e-002
  5.2957000e-002
  5.2957000e-002
  5.2957000e-002
  5.2957000e-002
  5.2957000e-002
  5.2957000e-002
  5.2957000e-002
  5.2957000e-002
  5.2957000e-002
  5.2957000e-002
  5.2957000e-002
  5.2957000e-002
  5.2957000e-002
  5.2957000e-002
  5.3570000e-002
  5.3570000e-002
  5.5049000e-002
  5.5049000e-002
  5.5662000e-002
  5.5662000e-002
  5.7395000e-002
  5.7395000e-002
  5.7754000e-002
  5.7754000e-002
  5.9233000e-002
  5.9233000e-002
  5.9487000e-002
  5.9487000e-002
  6.0967000e-002
  6.0967000e-002
  6.0967000e-002
  6.0967000e-002
  6.2192000e-002
  6.2192000e-002
  6.2192000e-002
  6.2192000e-002
  6.2192000e-002
  6.2192000e-002
  6.2446000e-002
  6.2446000e-002
  6.2446000e-002
  6.2446000e-002
  6.3059000e-002
  6.3059000e-002
  6.3059000e-002
  6.3059000e-002
  6.3059000e-002
  6.3059000e-002
  6.3059000e-002
  6.3059000e-002
  6.3059000e-002
  6.3059000e-002
  6.3059000e-002
  6.3059000e-002
  6.3059000e-002
  6.3059000e-002
  6.3059000e-002
  6.3059000e-002
  6.3059000e-002
  6.3059000e-002
  6.3059000e-002
  6.3059000e-002
  6.3059000e-002
  6.3059000e-002
  6.3059000e-002
  6.3059000e-002
  6.3059000e-002
  6.3059000e-002
  6.4897000e-002
  6.4897000e-002
  6.5763000e-002
  6.5763000e-002
  6.6017000e-002
  6.6017000e-002
  6.6017000e-002
  6.6017000e-002
  6.6017000e-002
  6.6017000e-002
  6.6017000e-002
  6.6017000e-002
  7.0814000e-002
  7.0814000e-002
  7.1068000e-002
  7.1068000e-002
  7.1068000e-002
  7.1068000e-002
  7.1068000e-002
  7.1068000e-002
  7.1068000e-002
  7.1068000e-002
  7.2293000e-002
  7.2293000e-002
  7.2652000e-002
  7.2652000e-002
  7.2906000e-002
  7.2906000e-002
  7.3160000e-002
  7.3160000e-002
  7.3160000e-002
  7.3160000e-002
  7.3160000e-002
  7.3160000e-002
  7.3160000e-002
  7.3160000e-002
  7.3160000e-002
  7.3160000e-002
  7.3160000e-002
  7.3160000e-002
  7.3160000e-002
  7.3160000e-002
  7.3160000e-002
  7.3160000e-002
  7.3160000e-002
  7.3160000e-002
  7.3160000e-002
  7.3160000e-002
  7.3160000e-002
  7.3160000e-002
  7.3160000e-002
  7.3160000e-002
  7.3160000e-002
  7.3160000e-002
  7.3773000e-002
  7.3773000e-002
  7.5252000e-002
  7.5252000e-002
  7.5252000e-002
  7.5252000e-002
  7.6477000e-002
  7.6477000e-002
  7.7344000e-002
  7.7344000e-002
  7.7344000e-002
  7.7344000e-002
  7.8210000e-002
  7.8210000e-002
  7.8210000e-002
  7.8210000e-002
  7.8210000e-002
  7.8210000e-002
  7.8210000e-002
  7.8210000e-002
  7.8210000e-002
  7.8210000e-002
  7.8210000e-002
  7.8210000e-002
  7.8210000e-002
  7.8210000e-002
  7.8210000e-002
  7.8210000e-002
  8.1528000e-002
  8.1528000e-002
  8.1528000e-002
  8.1528000e-002
  8.1782000e-002
  8.1782000e-002
  8.1782000e-002
  8.1782000e-002
  8.2395000e-002
  8.2395000e-002
  8.2395000e-002
  8.2395000e-002
  8.3007000e-002
  8.3007000e-002
  8.3261000e-002
  8.3261000e-002
  8.3261000e-002
  8.3261000e-002
  8.3261000e-002
  8.3261000e-002
  8.3874000e-002
  8.3874000e-002
  8.4846000e-002
  8.4846000e-002
  8.7445000e-002
  8.7445000e-002
  8.7445000e-002
  8.7445000e-002
  8.7445000e-002
  8.7445000e-002
  8.7445000e-002
  8.7445000e-002
  9.0763000e-002
  9.0763000e-002
  9.0763000e-002
  9.0763000e-002
  9.1017000e-002
  9.1017000e-002
  9.1375000e-002
  9.1375000e-002
  9.1629000e-002
  9.1629000e-002
  9.1629000e-002
  9.1629000e-002
  9.1629000e-002
  9.1629000e-002
  9.1883000e-002
  9.1883000e-002
  9.2496000e-002
  9.2496000e-002
  9.2496000e-002
  9.2496000e-002
  9.2496000e-002
  9.2496000e-002
  9.2855000e-002
  9.2855000e-002
  9.4588000e-002
  9.4588000e-002
  9.5201000e-002
  9.5201000e-002
  9.7546000e-002
  9.7546000e-002
  9.7905000e-002
  9.7905000e-002
  9.8159000e-002
  9.8159000e-002
  9.9639000e-002
  9.9639000e-002
  9.9639000e-002
  9.9639000e-002
  9.9639000e-002
  9.9639000e-002
  1.0147700e-001
  1.0147700e-001
  1.0382300e-001
  1.0382300e-001
  1.0407600e-001
  1.0407600e-001
  1.0407600e-001
  1.0407600e-001
  1.0468900e-001
  1.0468900e-001
  1.0468900e-001
  1.0468900e-001
  1.0739400e-001
  1.0739400e-001
  1.0800700e-001
  1.0800700e-001
  1.0826000e-001
  1.0826000e-001
  1.0826000e-001
  1.0826000e-001
  1.0887300e-001
  1.0887300e-001
  1.1121900e-001
  1.1121900e-001
  1.1121900e-001
  1.1121900e-001
  1.1121900e-001
  1.1121900e-001
  1.1121900e-001
  1.1121900e-001
  1.1121900e-001
  1.1121900e-001
  1.1121900e-001
  1.1121900e-001
  1.1121900e-001
  1.1121900e-001
  1.1183200e-001
  1.1183200e-001
  1.1269800e-001
  1.1269800e-001
  1.1269800e-001
  1.1269800e-001
  1.1269800e-001
  1.1269800e-001
  1.1305700e-001
  1.1305700e-001
  1.1392400e-001
  1.1392400e-001
  1.1392400e-001
  1.1392400e-001
  1.1392400e-001
  1.1392400e-001
  1.1662900e-001
  1.1662900e-001
  1.1688200e-001
  1.1688200e-001
  1.1688200e-001
  1.1688200e-001
  1.1688200e-001
  1.1688200e-001
  1.1688200e-001
  1.1688200e-001
  1.1688200e-001
  1.1688200e-001
  1.1688200e-001
  1.1688200e-001
  1.1836200e-001
  1.1836200e-001
  1.1897400e-001
  1.1897400e-001
  1.1897400e-001
  1.1897400e-001
  1.1897400e-001
  1.1897400e-001
  1.2106700e-001
  1.2106700e-001
  1.2106700e-001
  1.2106700e-001
  1.2132000e-001
  1.2132000e-001
  1.2315900e-001
  1.2315900e-001
  1.2611700e-001
  1.2611700e-001
  1.2647600e-001
  1.2647600e-001
  1.2673000e-001
  1.2673000e-001
  1.2820900e-001
  1.2820900e-001
  1.2820900e-001
  1.2820900e-001
  1.2820900e-001
  1.2820900e-001
  1.2820900e-001
  1.2820900e-001
  1.2820900e-001
  1.2820900e-001
  1.2820900e-001
  1.2820900e-001
  1.2846300e-001
  1.2846300e-001
  1.2907600e-001
  1.2907600e-001
  1.2907600e-001
  1.2907600e-001
  1.2907600e-001
  1.2907600e-001
  1.2943500e-001
  1.2943500e-001
  1.3030100e-001
  1.3030100e-001
  1.3030100e-001
  1.3030100e-001
  1.3203400e-001
  1.3203400e-001
  1.3203400e-001
  1.3203400e-001
  1.3203400e-001
  1.3203400e-001
  1.3448500e-001
  1.3448500e-001
  1.3448500e-001
  1.3448500e-001
  1.3535200e-001
  1.3535200e-001
  1.3560600e-001
  1.3560600e-001
  1.3621800e-001
  1.3621800e-001
  1.3708500e-001
  1.3708500e-001
  1.3708500e-001
  1.3708500e-001
  1.3708500e-001
  1.3708500e-001
  1.3708500e-001
  1.3708500e-001
  1.3708500e-001
  1.3708500e-001
  1.3979000e-001
  1.3979000e-001
  1.4126900e-001
  1.4126900e-001
  1.4213600e-001
  1.4213600e-001
  1.4213600e-001
  1.4213600e-001
  1.4213600e-001
  1.4213600e-001
  1.4213600e-001
  1.4213600e-001
  1.4249500e-001
  1.4249500e-001
  1.4274800e-001
  1.4274800e-001
  1.4458700e-001
  1.4458700e-001
  1.4458700e-001
  1.4458700e-001
  1.4632000e-001
  1.4632000e-001
  1.4632000e-001
  1.4632000e-001
  1.4693200e-001
  1.4693200e-001
  1.4815800e-001
  1.4815800e-001
  1.4877100e-001
  1.4877100e-001
  1.5050400e-001
  1.5050400e-001
  1.5086300e-001
  1.5086300e-001
  1.5137000e-001
  1.5137000e-001
  1.5137000e-001
  1.5137000e-001
  1.5137000e-001
  1.5137000e-001
  1.5346200e-001
  1.5346200e-001
  1.5346200e-001
  1.5346200e-001
  1.5407500e-001
  1.5407500e-001
  1.5494200e-001
  1.5494200e-001
  1.5494200e-001
  1.5494200e-001
  1.5555400e-001
  1.5555400e-001
  1.5642100e-001
  1.5642100e-001
  1.5642100e-001
  1.5642100e-001
  1.5642100e-001
  1.5642100e-001
  1.5973900e-001
  1.5973900e-001
  1.5999200e-001
  1.5999200e-001
  1.6147200e-001
  1.6147200e-001
  1.6331000e-001
  1.6331000e-001
  1.6331000e-001
  1.6331000e-001
  1.6478900e-001
  1.6478900e-001
  1.6478900e-001
  1.6478900e-001
  1.6478900e-001
  1.6478900e-001
  1.6478900e-001
  1.6478900e-001
  1.6478900e-001
  1.6478900e-001
  1.6478900e-001
  1.6478900e-001
  1.6601500e-001
  1.6601500e-001
  1.6749400e-001
  1.6749400e-001
  1.6774800e-001
  1.6774800e-001
  1.6810700e-001
  1.6810700e-001
  1.6810700e-001
  1.6810700e-001
  1.6861400e-001
  1.6861400e-001
  1.6897300e-001
  1.6897300e-001
  1.6922700e-001
  1.6922700e-001
  1.6984000e-001
  1.6984000e-001
  1.7009400e-001
  1.7009400e-001
  1.7315700e-001
  1.7315700e-001
  1.7514400e-001
  1.7514400e-001
  1.7723600e-001
  1.7723600e-001
  1.7723600e-001
  1.7723600e-001
  1.7723600e-001
  1.7723600e-001
  1.7820800e-001
  1.7820800e-001
  1.7907400e-001
  1.7907400e-001
  1.7907400e-001
  1.7907400e-001
  1.7968700e-001
  1.7968700e-001
  1.8325900e-001
  1.8325900e-001
  1.8499200e-001
  1.8499200e-001
  1.8499200e-001
  1.8499200e-001
  1.8585800e-001
  1.8585800e-001
  1.8585800e-001
  1.8585800e-001
  1.8585800e-001
  1.8585800e-001
  1.8585800e-001
  1.8585800e-001
  1.8769600e-001
  1.8769600e-001
  1.9004200e-001
  1.9004200e-001
  1.9004200e-001
  1.9004200e-001
  1.9004200e-001
  1.9004200e-001
  1.9004200e-001
  1.9004200e-001
  1.9090900e-001
  1.9090900e-001
  1.9090900e-001
  1.9090900e-001
  1.9238800e-001
  1.9238800e-001
  1.9238800e-001
  1.9238800e-001
  1.9238800e-001
  1.9238800e-001
  1.9238800e-001
  1.9238800e-001
  1.9238800e-001
  1.9238800e-001
  1.9238800e-001
  1.9238800e-001
  1.9238800e-001
  1.9238800e-001
  1.9238800e-001
  1.9238800e-001
  1.9422600e-001
  1.9422600e-001
  1.9448000e-001
  1.9448000e-001
  1.9595900e-001
  1.9595900e-001
  1.9595900e-001
  1.9595900e-001
  1.9595900e-001
  1.9595900e-001
  1.9595900e-001
  1.9595900e-001
  1.9595900e-001
  1.9595900e-001
  1.9963600e-001
  1.9963600e-001
  2.0014400e-001
  2.0014400e-001
  2.0014400e-001
  2.0014400e-001
  2.0014400e-001
  2.0014400e-001
  2.0014400e-001
  2.0014400e-001
  2.0014400e-001
  2.0014400e-001
  2.0050300e-001
  2.0050300e-001
  2.0050300e-001
  2.0050300e-001
  2.0310200e-001
  2.0310200e-001
  2.0310200e-001
  2.0310200e-001
  2.0346100e-001
  2.0346100e-001
  2.0371500e-001
  2.0371500e-001
  2.0371500e-001
  2.0371500e-001
  2.0851200e-001
  2.0851200e-001
  2.0851200e-001
  2.0851200e-001
  2.0851200e-001
  2.0851200e-001
  2.0851200e-001
  2.0851200e-001
  2.0937800e-001
  2.0937800e-001
  2.0973700e-001
  2.0973700e-001
  2.1024500e-001
  2.1024500e-001
  2.1024500e-001
  2.1024500e-001
  2.1024500e-001
  2.1024500e-001
  2.1024500e-001
  2.1024500e-001
  2.1024500e-001
  2.1024500e-001
  2.1024500e-001
  2.1024500e-001
  2.1024500e-001
  2.1024500e-001
  2.1024500e-001
  2.1024500e-001
  2.1024500e-001
  2.1024500e-001
  2.1024500e-001
  2.1024500e-001
  2.1024500e-001
  2.1024500e-001
  2.1024500e-001
  2.1024500e-001
  2.1024500e-001
  2.1024500e-001
  2.1024500e-001
  2.1024500e-001
  2.1024500e-001
  2.1024500e-001
  2.1024500e-001
  2.1024500e-001
  2.1024500e-001
  2.1024500e-001
  2.1024500e-001
  2.1024500e-001
  2.1024500e-001
  2.1024500e-001
  2.1024500e-001
  2.1024500e-001
  2.1024500e-001
  2.1024500e-001
  2.1085800e-001
  2.1085800e-001
  2.1233700e-001
  2.1233700e-001
  2.1295000e-001
  2.1295000e-001
  2.1320300e-001
  2.1320300e-001
  2.1381600e-001
  2.1381600e-001
  2.1381600e-001
  2.1381600e-001
  2.1381600e-001
  2.1381600e-001
  2.1442900e-001
  2.1442900e-001
  2.1590800e-001
  2.1590800e-001
  2.1677500e-001
  2.1677500e-001
  2.1800000e-001
  2.1800000e-001
  2.1800000e-001
  2.1800000e-001
  2.1886700e-001
  2.1886700e-001
  2.2034600e-001
  2.2034600e-001
  2.2034600e-001
  2.2034600e-001
  2.2034600e-001
  2.2034600e-001
  2.2034600e-001
  2.2034600e-001
  2.2095900e-001
  2.2095900e-001
  2.2095900e-001
  2.2095900e-001
  2.2193100e-001
  2.2193100e-001
  2.2243800e-001
  2.2243800e-001
  2.2279700e-001
  2.2279700e-001
  2.2279700e-001
  2.2279700e-001
  2.2391700e-001
  2.2391700e-001
  2.2391700e-001
  2.2391700e-001
  2.2539700e-001
  2.2539700e-001
  2.2539700e-001
  2.2539700e-001
  2.2539700e-001
  2.2539700e-001
  2.2539700e-001
  2.2539700e-001
  2.2539700e-001
  2.2539700e-001
  2.2539700e-001
  2.2539700e-001
  2.2539700e-001
  2.2539700e-001
  2.2539700e-001
  2.2539700e-001
  2.2539700e-001
  2.2539700e-001
  2.2539700e-001
  2.2539700e-001
  2.2539700e-001
  2.2539700e-001
  2.2748900e-001
  2.2748900e-001
  2.2810200e-001
  2.2810200e-001
  2.2896800e-001
  2.2896800e-001
  2.2896800e-001
  2.2896800e-001
  2.2896800e-001
  2.2896800e-001
  2.2896800e-001
  2.2896800e-001
  2.2896800e-001
  2.2896800e-001
  2.2896800e-001
  2.2896800e-001
  2.3019400e-001
  2.3019400e-001
  2.3080600e-001
  2.3080600e-001
  2.3106000e-001
  2.3106000e-001
  2.3167300e-001
  2.3167300e-001
  2.3167300e-001
  2.3167300e-001
  2.3203200e-001
  2.3203200e-001
  2.3315200e-001
  2.3315200e-001
  2.3401900e-001
  2.3401900e-001
  2.3437800e-001
  2.3437800e-001
  2.3524400e-001
  2.3524400e-001
  2.3611100e-001
  2.3611100e-001
  2.3820300e-001
  2.3820300e-001
  2.3856200e-001
  2.3856200e-001
  2.3881600e-001
  2.3881600e-001
  2.3881600e-001
  2.3881600e-001
  2.4238700e-001
  2.4238700e-001
  2.4264100e-001
  2.4264100e-001
  2.4264100e-001
  2.4264100e-001
  2.4325300e-001
  2.4325300e-001
  2.4325300e-001
  2.4325300e-001
  2.4386600e-001
  2.4386600e-001
  2.4386600e-001
  2.4386600e-001
  2.4422500e-001
  2.4422500e-001
  2.4473300e-001
  2.4473300e-001
  2.4473300e-001
  2.4473300e-001
  2.4595800e-001
  2.4595800e-001
  2.4595800e-001
  2.4595800e-001
  2.4595800e-001
  2.4595800e-001
  2.4779600e-001
  2.4779600e-001
  2.5187500e-001
  2.5187500e-001
  2.5310100e-001
  2.5310100e-001
  2.5310100e-001
  2.5310100e-001
  2.5335500e-001
  2.5335500e-001
  2.5396700e-001
  2.5396700e-001
  2.5396700e-001
  2.5396700e-001
  2.5396700e-001
  2.5396700e-001
  2.5396700e-001
  2.5396700e-001
  2.5396700e-001
  2.5396700e-001
  2.5396700e-001
  2.5396700e-001
  2.5396700e-001
  2.5396700e-001
  2.5483400e-001
  2.5483400e-001
  2.5483400e-001
  2.5483400e-001
  2.5483400e-001
  2.5483400e-001
  2.5483400e-001
  2.5483400e-001
  2.5483400e-001
  2.5483400e-001
  2.5483400e-001
  2.5483400e-001
  2.5483400e-001
  2.5483400e-001
  2.5483400e-001
  2.5483400e-001
  2.5483400e-001
  2.5483400e-001
  2.5483400e-001
  2.5483400e-001
  2.5483400e-001
  2.5483400e-001
  2.5483400e-001
  2.5483400e-001
  2.5605900e-001
  2.5605900e-001
  2.5728500e-001
  2.5728500e-001
  2.5815200e-001
  2.5815200e-001
  2.6111000e-001
  2.6111000e-001
  2.6345600e-001
  2.6345600e-001
  2.6345600e-001
  2.6345600e-001
  2.6381500e-001
  2.6381500e-001
  2.6381500e-001
  2.6381500e-001
  2.6381500e-001
  2.6381500e-001
  2.6554800e-001
  2.6554800e-001
  2.6616100e-001
  2.6616100e-001
  2.6652000e-001
  2.6652000e-001
  2.6702700e-001
  2.6702700e-001
  2.6702700e-001
  2.6702700e-001
  2.6702700e-001
  2.6702700e-001
  2.6738600e-001
  2.6738600e-001
  2.6825300e-001
  2.6825300e-001
  2.6825300e-001
  2.6825300e-001
  2.6825300e-001
  2.6825300e-001
  2.6911900e-001
  2.6911900e-001
  2.6911900e-001
  2.6911900e-001
  2.6911900e-001
  2.6911900e-001
  2.6911900e-001
  2.6911900e-001
  2.6911900e-001
  2.6911900e-001
  2.6911900e-001
  2.6911900e-001
  2.7034500e-001
  2.7034500e-001
  2.7059900e-001
  2.7059900e-001
  2.7095800e-001
  2.7095800e-001
  2.7366200e-001
  2.7366200e-001
  2.7417000e-001
  2.7417000e-001
  2.7417000e-001
  2.7417000e-001
  2.7417000e-001
  2.7417000e-001
  2.7417000e-001
  2.7417000e-001
  2.7514200e-001
  2.7514200e-001
  2.7539500e-001
  2.7539500e-001
  2.7564900e-001
  2.7564900e-001
  2.7626200e-001
  2.7626200e-001
  2.7626200e-001
  2.7626200e-001
  2.7626200e-001
  2.7626200e-001
  2.7626200e-001
  2.7626200e-001
  2.7835400e-001
  2.7835400e-001
  2.7835400e-001
  2.7835400e-001
  2.8253800e-001
  2.8253800e-001
  2.8427100e-001
  2.8427100e-001
  2.8427100e-001
  2.8427100e-001
  2.8427100e-001
  2.8427100e-001
  2.8427100e-001
  2.8427100e-001
  2.8427100e-001
  2.8427100e-001
  2.8427100e-001
  2.8427100e-001
  2.8427100e-001
  2.8427100e-001
  2.8427100e-001
  2.8427100e-001
  2.8427100e-001
  2.8427100e-001
  2.8427100e-001
  2.8427100e-001
  2.8427100e-001
  2.8427100e-001
  2.8427100e-001
  2.8427100e-001
  2.8427100e-001
  2.8427100e-001
  2.8427100e-001
  2.8427100e-001
  2.8427100e-001
  2.8427100e-001
  2.8427100e-001
  2.8427100e-001
  2.8427100e-001
  2.8427100e-001
  2.8427100e-001
  2.8427100e-001
  2.8427100e-001
  2.8427100e-001
  2.8427100e-001
  2.8427100e-001
  2.8437600e-001
  2.8437600e-001
  2.8585600e-001
  2.8585600e-001
  2.8636300e-001
  2.8636300e-001
  2.8636300e-001
  2.8636300e-001
  2.8636300e-001
  2.8636300e-001
  2.8881400e-001
  2.8881400e-001
  2.9090600e-001
  2.9090600e-001
  2.9141400e-001
  2.9141400e-001
  2.9141400e-001
  2.9141400e-001
  2.9141400e-001
  2.9141400e-001
  2.9141400e-001
  2.9141400e-001
  2.9141400e-001
  2.9141400e-001
  2.9141400e-001
  2.9141400e-001
  2.9141400e-001
  2.9141400e-001
  2.9141400e-001
  2.9141400e-001
  2.9141400e-001
  2.9141400e-001
  2.9141400e-001
  2.9141400e-001
  2.9141400e-001
  2.9141400e-001
  2.9141400e-001
  2.9141400e-001
  2.9473100e-001
  2.9473100e-001
  2.9621100e-001
  2.9621100e-001
  2.9646500e-001
  2.9646500e-001
  2.9646500e-001
  2.9646500e-001
  2.9646500e-001
  2.9646500e-001
  2.9646500e-001
  2.9646500e-001
  2.9646500e-001
  2.9646500e-001
  2.9646500e-001
  2.9646500e-001
  2.9646500e-001
  2.9646500e-001
  2.9769000e-001
  2.9769000e-001
  2.9769000e-001
  2.9769000e-001
  2.9769000e-001
  2.9769000e-001
  2.9855700e-001
  2.9855700e-001
  2.9855700e-001
  2.9855700e-001
  2.9855700e-001
  2.9855700e-001
  2.9855700e-001
  2.9855700e-001
  2.9855700e-001
  2.9855700e-001
  2.9855700e-001
  2.9855700e-001
  2.9855700e-001
  2.9855700e-001
  2.9855700e-001
  2.9855700e-001
  2.9855700e-001
  2.9855700e-001
  2.9855700e-001
  2.9855700e-001
  2.9855700e-001
  2.9855700e-001
  2.9916900e-001
  2.9916900e-001
  3.0003600e-001
  3.0003600e-001
  3.0126100e-001
  3.0126100e-001
  3.0212800e-001
  3.0212800e-001
  3.0212800e-001
  3.0212800e-001
  3.0212800e-001
  3.0212800e-001
  3.0396600e-001
  3.0396600e-001
  3.0483300e-001
  3.0483300e-001
  3.0508700e-001
  3.0508700e-001
  3.0508700e-001
  3.0569900e-001
  3.0569900e-001
  3.0569900e-001
  3.0569900e-001
  3.0569900e-001
  3.0569900e-001
  3.0631200e-001
  3.0631200e-001
  3.0692500e-001
  3.0692500e-001
  3.0692500e-001
  3.0692500e-001
  3.0717900e-001
  3.0717900e-001
  3.0779100e-001
  3.0779100e-001
  3.0779100e-001
  3.0779100e-001
  3.0840400e-001
  3.0840400e-001
  3.0901700e-001
  3.0901700e-001
  3.0901700e-001
  3.0901700e-001
  3.0927100e-001
  3.0927100e-001
  3.0927100e-001
  3.0927100e-001
  3.0927100e-001
  3.0927100e-001
  3.0927100e-001
  3.0927100e-001
  3.0927100e-001
  3.0927100e-001
  3.0927100e-001
  3.0927100e-001
  3.0927100e-001
  3.0927100e-001
  3.0927100e-001
  3.0927100e-001
  3.0927100e-001
  3.0927100e-001
  3.0927100e-001
  3.0927100e-001
  3.0927100e-001
  3.0927100e-001
  3.1024200e-001
  3.1024200e-001
  3.1197500e-001
  3.1197500e-001
  3.1284200e-001
  3.1284200e-001
  3.1345500e-001
  3.1345500e-001
  3.1406700e-001
  3.1406700e-001
  3.1554700e-001
  3.1554700e-001
  3.1641300e-001
  3.1641300e-001
  3.1641300e-001
  3.1641300e-001
  3.1728000e-001
  3.1728000e-001
  3.1728000e-001
  3.1728000e-001
  3.1728000e-001
  3.1728000e-001
  3.1911800e-001
  3.1911800e-001
  3.1937200e-001
  3.1937200e-001
  3.2294300e-001
  3.2294300e-001
  3.2442300e-001
  3.2442300e-001
  3.2442300e-001
  3.2442300e-001
  3.2442300e-001
  3.2442300e-001
  3.2442300e-001
  3.2442300e-001
  3.2442300e-001
  3.2442300e-001
  3.2478100e-001
  3.2478100e-001
  3.2503500e-001
  3.2503500e-001
  3.2539400e-001
  3.2539400e-001
  3.2712700e-001
  3.2712700e-001
  3.2712700e-001
  3.2712700e-001
  3.2712700e-001
  3.2712700e-001
  3.2712700e-001
  3.2712700e-001
  3.2712700e-001
  3.2712700e-001
  3.2799400e-001
  3.2799400e-001
  3.2799400e-001
  3.2799400e-001
  3.2799400e-001
  3.2799400e-001
  3.2921900e-001
  3.2921900e-001
  3.2947300e-001
  3.2947300e-001
  3.3069900e-001
  3.3069900e-001
  3.3131100e-001
  3.3131100e-001
  3.3340300e-001
  3.3340300e-001
  3.3427000e-001
  3.3427000e-001
  3.3427000e-001
  3.3427000e-001
  3.3427000e-001
  3.3427000e-001
  3.3427000e-001
  3.3427000e-001
  3.3452400e-001
  3.3452400e-001
  3.3452400e-001
  3.3452400e-001
  3.3452400e-001
  3.3452400e-001
  3.3452400e-001
  3.3452400e-001
  3.3452400e-001
  3.3452400e-001
  3.3513700e-001
  3.3513700e-001
  3.3513700e-001
  3.3513700e-001
  3.3513700e-001
  3.3513700e-001
  3.3574900e-001
  3.3574900e-001
  3.3697500e-001
  3.3697500e-001
  3.3722900e-001
  3.3722900e-001
  3.3722900e-001
  3.3722900e-001
  3.3722900e-001
  3.3722900e-001
  3.3722900e-001
  3.3722900e-001
  3.3809500e-001
  3.3809500e-001
  3.3809500e-001
  3.3809500e-001
  3.3809500e-001
  3.3809500e-001
  3.3809500e-001
  3.3809500e-001
  3.3809500e-001
  3.3809500e-001
  3.3809500e-001
  3.3809500e-001
  3.3870800e-001
  3.3870800e-001
  3.4227900e-001
  3.4227900e-001
  3.4227900e-001
  3.4227900e-001
  3.4227900e-001
  3.4227900e-001
  3.4227900e-001
  3.4227900e-001
  3.4227900e-001
  3.4227900e-001
  3.4498400e-001
  3.4498400e-001
  3.4498400e-001
  3.4498400e-001
  3.4523800e-001
  3.4523800e-001
  3.4523800e-001
  3.4523800e-001
  3.4559700e-001
  3.4559700e-001
  3.4585100e-001
  3.4585100e-001
  3.4646300e-001
  3.4646300e-001
  3.4646300e-001
  3.4646300e-001
  3.4671700e-001
  3.4671700e-001
  3.4671700e-001
  3.4671700e-001
  3.4733000e-001
  3.4733000e-001
  3.4733000e-001
  3.4733000e-001
  3.4855500e-001
  3.4855500e-001
  3.4855500e-001
  3.4855500e-001
  3.4916800e-001
  3.4916800e-001
  3.4942200e-001
  3.4942200e-001
  3.4942200e-001
  3.4942200e-001
  3.4942200e-001
  3.4942200e-001
  3.5386000e-001
  3.5386000e-001
  3.5447300e-001
  3.5447300e-001
  3.5569800e-001
  3.5569800e-001
  3.5569800e-001
  3.5569800e-001
  3.5569800e-001
  3.5569800e-001
  3.5569800e-001
  3.5569800e-001
  3.5569800e-001
  3.5569800e-001
  3.5569800e-001
  3.5569800e-001
  3.5569800e-001
  3.5569800e-001
  3.5569800e-001
  3.5569800e-001
  3.5569800e-001
  3.5569800e-001
  3.5717700e-001
  3.5717700e-001
  3.5743100e-001
  3.5743100e-001
  3.5743100e-001
  3.5743100e-001
  3.5743100e-001
  3.5743100e-001
  3.5743100e-001
  3.5743100e-001
  3.5743100e-001
  3.5743100e-001
  3.5743100e-001
  3.5743100e-001
  3.5743100e-001
  3.5743100e-001
  3.5743100e-001
  3.5743100e-001
  3.5743100e-001
  3.5743100e-001
  3.5891000e-001
  3.5891000e-001
  3.5952300e-001
  3.5952300e-001
  3.6013600e-001
  3.6013600e-001
  3.6013600e-001
  3.6013600e-001
  3.6074900e-001
  3.6074900e-001
  3.6161500e-001
  3.6161500e-001
  3.6161500e-001
  3.6161500e-001
  3.6197400e-001
  3.6197400e-001
  3.6396100e-001
  3.6396100e-001
  3.6432000e-001
  3.6432000e-001
  3.6457400e-001
  3.6457400e-001
  3.6457400e-001
  3.6457400e-001
  3.6457400e-001
  3.6457400e-001
  3.6457400e-001
  3.6457400e-001
  3.6493300e-001
  3.6493300e-001
  3.6518700e-001
  3.6518700e-001
  3.6666600e-001
  3.6666600e-001
  3.6666600e-001
  3.6666600e-001
  3.6727900e-001
  3.6727900e-001
  3.6753200e-001
  3.6753200e-001
  3.6753200e-001
  3.6753200e-001
  3.6814500e-001
  3.6814500e-001
  3.6998300e-001
  3.6998300e-001
  3.6998300e-001
  3.6998300e-001
  3.7171600e-001
  3.7171600e-001
  3.7171600e-001
  3.7171600e-001
  3.7171600e-001
  3.7171600e-001
  3.7171600e-001
  3.7171600e-001
  3.7380800e-001
  3.7380800e-001
  3.7625900e-001
  3.7625900e-001
  3.7712600e-001
  3.7712600e-001
  3.7824600e-001
  3.7824600e-001
  3.7885900e-001
  3.7885900e-001
  3.7885900e-001
  3.7885900e-001
  3.7885900e-001
  3.7885900e-001
  3.7947200e-001
  3.7947200e-001
  3.7972600e-001
  3.7972600e-001
  3.7972600e-001
  3.7972600e-001
  3.7972600e-001
  3.7972600e-001
  3.7972600e-001
  3.7972600e-001
  3.7972600e-001
  3.7972600e-001
  3.7972600e-001
  3.7972600e-001
  3.8008500e-001
  3.8008500e-001
  3.8033800e-001
  3.8033800e-001
  3.8217700e-001
  3.8217700e-001
  3.8304300e-001
  3.8304300e-001
  3.8329700e-001
  3.8329700e-001
  3.8426900e-001
  3.8426900e-001
  3.8426900e-001
  3.8426900e-001
  3.8426900e-001
  3.8426900e-001
  3.8426900e-001
  3.8426900e-001
  3.8426900e-001
  3.8426900e-001
  3.8477600e-001
  3.8477600e-001
  3.8477600e-001
  3.8477600e-001
  3.8477600e-001
  3.8477600e-001
  3.8477600e-001
  3.8477600e-001
  3.8513500e-001
  3.8513500e-001
  3.8538900e-001
  3.8538900e-001
  3.8600200e-001
  3.8600200e-001
  3.8600200e-001
  3.8600200e-001
  3.8722700e-001
  3.8722700e-001
  3.8896000e-001
  3.8896000e-001
  3.8957300e-001
  3.8957300e-001
  3.9191900e-001
  3.9191900e-001
  3.9191900e-001
  3.9191900e-001
  3.9437000e-001
  3.9437000e-001
  3.9584900e-001
  3.9584900e-001
  3.9697000e-001
  3.9697000e-001
  3.9855400e-001
  3.9855400e-001
  4.0054100e-001
  4.0054100e-001
  4.0054100e-001
  4.0054100e-001
  4.0054100e-001
  4.0054100e-001
  4.0054100e-001
  4.0054100e-001
  4.0115400e-001
  4.0115400e-001
  4.0115400e-001
  4.0115400e-001
  4.0115400e-001
  4.0115400e-001
  4.0115400e-001
  4.0115400e-001
  4.0115400e-001
  4.0115400e-001
  4.0299200e-001
  4.0299200e-001
  4.0411200e-001
  4.0411200e-001
  4.0411200e-001
  4.0411200e-001
  4.0411200e-001
  4.0411200e-001
  4.0447100e-001
  4.0447100e-001
  4.0472500e-001
  4.0472500e-001
  4.0533800e-001
  4.0533800e-001
  4.0681700e-001
  4.0681700e-001
  4.0743000e-001
  4.0743000e-001
  4.0768400e-001
  4.0768400e-001
  4.0865500e-001
  4.0865500e-001
  4.0890900e-001
  4.0890900e-001
  4.1186800e-001
  4.1186800e-001
  4.1334700e-001
  4.1334700e-001
  4.1334700e-001
  4.1334700e-001
  4.1370600e-001
  4.1370600e-001
  4.1421400e-001
  4.1421400e-001
  4.1421400e-001
  4.1421400e-001
  4.1457200e-001
  4.1457200e-001
  4.1457200e-001
  4.1457200e-001
  4.1543900e-001
  4.1543900e-001
  4.1543900e-001
  4.1543900e-001
  4.1543900e-001
  4.1543900e-001
  4.1630600e-001
  4.1630600e-001
  4.1630600e-001
  4.1630600e-001
  4.1630600e-001
  4.1630600e-001
  4.1630600e-001
  4.1630600e-001
  4.1630600e-001
  4.1630600e-001
  4.1630600e-001
  4.1630600e-001
  4.1630600e-001
  4.1630600e-001
  4.1778500e-001
  4.1778500e-001
  4.2135600e-001
  4.2135600e-001
  4.2135600e-001
  4.2135600e-001
  4.2135600e-001
  4.2135600e-001
  4.2344800e-001
  4.2344800e-001
  4.2344800e-001
  4.2344800e-001
  4.2344800e-001
  4.2344800e-001
  4.2344800e-001
  4.2344800e-001
  4.2344800e-001
  4.2344800e-001
  4.2344800e-001
  4.2344800e-001
  4.2380700e-001
  4.2380700e-001
  4.2380700e-001
  4.2380700e-001
  4.2467400e-001
  4.2467400e-001
  4.2467400e-001
  4.2467400e-001
  4.2467400e-001
  4.2467400e-001
  4.2554000e-001
  4.2554000e-001
  4.2554000e-001
  4.2554000e-001
  4.2554000e-001
  4.2554000e-001
  4.2554000e-001
  4.2554000e-001
  4.2554000e-001
  4.2554000e-001
  4.2554000e-001
  4.2554000e-001
  4.2640700e-001
  4.2640700e-001
  4.2640700e-001
  4.2640700e-001
  4.2972400e-001
  4.2972400e-001
  4.2972400e-001
  4.2972400e-001
  4.2972400e-001
  4.2972400e-001
  4.2972400e-001
  4.2972400e-001
  4.2972400e-001
  4.2972400e-001
  4.2972400e-001
  4.2972400e-001
  4.2972400e-001
  4.2972400e-001
  4.2972400e-001
  4.2972400e-001
  4.2972400e-001
  4.2972400e-001
  4.2997800e-001
  4.2997800e-001
  4.3059100e-001
  4.3059100e-001
  4.3059100e-001
  4.3059100e-001
  4.3059100e-001
  4.3059100e-001
  4.3059100e-001
  4.3059100e-001
  4.3181600e-001
  4.3181600e-001
  4.3329600e-001
  4.3329600e-001
  4.3477500e-001
  4.3477500e-001
  4.3477500e-001
  4.3477500e-001
  4.3477500e-001
  4.3477500e-001
  4.3502900e-001
  4.3502900e-001
  4.3502900e-001
  4.3502900e-001
  4.3502900e-001
  4.3502900e-001
  4.3502900e-001
  4.3502900e-001
  4.3502900e-001
  4.3502900e-001
  4.3564200e-001
  4.3564200e-001
  4.3600100e-001
  4.3600100e-001
  4.3600100e-001
  4.3600100e-001
  4.3712100e-001
  4.3712100e-001
  4.4043800e-001
  4.4043800e-001
  4.4069200e-001
  4.4069200e-001
  4.4130500e-001
  4.4130500e-001
  4.4130500e-001
  4.4130500e-001
  4.4217200e-001
  4.4217200e-001
  4.4217200e-001
  4.4217200e-001
  4.4227700e-001
  4.4227700e-001
  4.4462200e-001
  4.4462200e-001
  4.4574300e-001
  4.4574300e-001
  4.4574300e-001
  4.4574300e-001
  4.4574300e-001
  4.4574300e-001
  4.4574300e-001
  4.4574300e-001
  4.4574300e-001
  4.4574300e-001
  4.4574300e-001
  4.4574300e-001
  4.4574300e-001
  4.4574300e-001
  4.4574300e-001
  4.4574300e-001
  4.4992700e-001
  4.4992700e-001
  4.4992700e-001
  4.4992700e-001
  4.5028600e-001
  4.5028600e-001
  4.5054000e-001
  4.5054000e-001
  4.5079300e-001
  4.5079300e-001
  4.5079300e-001
  4.5079300e-001
  4.5079300e-001
  4.5079300e-001
  4.5115200e-001
  4.5115200e-001
  4.5201900e-001
  4.5201900e-001
  4.5201900e-001
  4.5201900e-001
  4.5584400e-001
  4.5584400e-001
  4.5584400e-001
  4.5584400e-001
  4.5584400e-001
  4.5584400e-001
  4.5645700e-001
  4.5645700e-001
  4.5645700e-001
  4.5645700e-001
  4.5793600e-001
  4.5793600e-001
  4.5793600e-001
  4.5793600e-001
  4.5941500e-001
  4.5941500e-001
  4.6002800e-001
  4.6002800e-001
  4.6002800e-001
  4.6002800e-001
  4.6002800e-001
  4.6002800e-001
  4.6150800e-001
  4.6150800e-001
  4.6298700e-001
  4.6298700e-001
  4.6298700e-001
  4.6298700e-001
  4.6360000e-001
  4.6360000e-001
  4.6360000e-001
  4.6360000e-001
  4.6457100e-001
  4.6457100e-001
  4.6482500e-001
  4.6482500e-001
  4.6507900e-001
  4.6507900e-001
  4.6655800e-001
  4.6655800e-001
  4.6655800e-001
  4.6655800e-001
  4.6717100e-001
  4.6717100e-001
  4.6803700e-001
  4.6803700e-001
  4.6803700e-001
  4.6803700e-001
  4.6803700e-001
  4.6803700e-001
  4.6803700e-001
  4.6803700e-001
  4.7160900e-001
  4.7160900e-001
  4.7160900e-001
  4.7160900e-001
  4.7160900e-001
  4.7160900e-001
  4.7222200e-001
  4.7222200e-001
  4.7258000e-001
  4.7258000e-001
  4.7431400e-001
  4.7431400e-001
  4.7431400e-001
  4.7431400e-001
  4.7431400e-001
  4.7431400e-001
  4.7431400e-001
  4.7431400e-001
  4.7431400e-001
  4.7431400e-001
  4.7431400e-001
  4.7431400e-001
  4.7518000e-001
  4.7518000e-001
  4.7518000e-001
  4.7518000e-001
  4.7518000e-001
  4.7518000e-001
  4.7518000e-001
  4.7518000e-001
  4.7665900e-001
  4.7665900e-001
  4.7665900e-001
  4.7665900e-001
  4.7936400e-001
  4.7936400e-001
  4.7936400e-001
  4.7936400e-001
  4.8023100e-001
  4.8023100e-001
  4.8023100e-001
  4.8023100e-001
  4.8023100e-001
  4.8023100e-001
  4.8023100e-001
  4.8023100e-001
  4.8059000e-001
  4.8059000e-001
  4.8120200e-001
  4.8120200e-001
  4.8232300e-001
  4.8232300e-001
  4.8232300e-001
  4.8232300e-001
  4.8232300e-001
  4.8232300e-001
  4.8268200e-001
  4.8268200e-001
  4.8293600e-001
  4.8293600e-001
  4.8380200e-001
  4.8380200e-001
  4.8528100e-001
  4.8528100e-001
  4.8528100e-001
  4.8528100e-001
  4.8528100e-001
  4.8528100e-001
  4.8528100e-001
  4.8528100e-001
  4.8528100e-001
  4.8528100e-001
  4.8589400e-001
  4.8589400e-001
  4.8589400e-001
  4.8589400e-001
  4.8686600e-001
  4.8686600e-001
  4.8737300e-001
  4.8737300e-001
  4.8982400e-001
  4.8982400e-001
  4.8982400e-001
  4.8982400e-001
  4.8982400e-001
  4.8982400e-001
  4.8982400e-001
  4.8982400e-001
  4.9069100e-001
  4.9069100e-001
  4.9191600e-001
  4.9191600e-001
  4.9217000e-001
  4.9217000e-001
  4.9400800e-001
  4.9400800e-001
  4.9451600e-001
  4.9451600e-001
  4.9451600e-001
  4.9451600e-001
  4.9574200e-001
  4.9574200e-001
  4.9574200e-001
  4.9574200e-001
  4.9696700e-001
  4.9696700e-001
  4.9747500e-001
  4.9747500e-001
  4.9783400e-001
  4.9783400e-001
  4.9956700e-001
  4.9956700e-001
  4.9956700e-001
  4.9956700e-001
  4.9956700e-001
  4.9956700e-001
  4.9956700e-001
  4.9956700e-001
  4.9956700e-001
  4.9956700e-001
  4.9992600e-001
  4.9992600e-001
  5.0017900e-001
  5.0017900e-001
  5.0017900e-001
  5.0017900e-001
  5.0017900e-001
  5.0017900e-001
  5.0115100e-001
  5.0115100e-001
  5.0115100e-001
  5.0115100e-001
  5.0165900e-001
  5.0165900e-001
  5.0201800e-001
  5.0201800e-001
  5.0201800e-001
  5.0201800e-001
  5.0201800e-001
  5.0201800e-001
  5.0375100e-001
  5.0375100e-001
  5.0375100e-001
  5.0375100e-001
  5.0375100e-001
  5.0375100e-001
  5.0375100e-001
  5.0375100e-001
  5.0375100e-001
  5.0375100e-001
  5.0375100e-001
  5.0375100e-001
  5.0375100e-001
  5.0375100e-001
  5.0375100e-001
  5.0375100e-001
  5.0375100e-001
  5.0375100e-001
  5.0375100e-001
  5.0375100e-001
  5.0375100e-001
  5.0375100e-001
  5.0375100e-001
  5.0375100e-001
  5.0436400e-001
  5.0436400e-001
  5.0461700e-001
  5.0461700e-001
  5.0461700e-001
  5.0461700e-001
  5.0461700e-001
  5.0461700e-001
  5.0461700e-001
  5.0461700e-001
  5.0461700e-001
  5.0461700e-001
  5.0461700e-001
  5.0461700e-001
  5.0461700e-001
  5.0461700e-001
  5.0461700e-001
  5.0461700e-001
  5.0461700e-001
  5.0461700e-001
  5.0584300e-001
  5.0584300e-001
  5.0609700e-001
  5.0609700e-001
  5.0609700e-001
  5.0609700e-001
  5.0609700e-001
  5.0609700e-001
  5.0645600e-001
  5.0645600e-001
  5.0818900e-001
  5.0818900e-001
  5.0966800e-001
  5.0966800e-001
  5.1002700e-001
  5.1002700e-001
  5.1028100e-001
  5.1028100e-001
  5.1089300e-001
  5.1089300e-001
  5.1089300e-001
  5.1089300e-001
  5.1211900e-001
  5.1211900e-001
  5.1237300e-001
  5.1237300e-001
  5.1323900e-001
  5.1323900e-001
  5.1421100e-001
  5.1421100e-001
  5.1446500e-001
  5.1446500e-001
  5.1507800e-001
  5.1507800e-001
  5.1507800e-001
  5.1507800e-001
  5.1681100e-001
  5.1681100e-001
  5.1681100e-001
  5.1681100e-001
  5.1803600e-001
  5.1803600e-001
  5.1890300e-001
  5.1890300e-001
  5.1890300e-001
  5.1890300e-001
  5.1890300e-001
  5.1890300e-001
  5.1890300e-001
  5.1890300e-001
  5.2038200e-001
  5.2038200e-001
  5.2160700e-001
  5.2160700e-001
  5.2308700e-001
  5.2308700e-001
  5.2308700e-001
  5.2308700e-001
  5.2308700e-001
  5.2308700e-001
  5.2344600e-001
  5.2344600e-001
  5.2395300e-001
  5.2395300e-001
  5.2395300e-001
  5.2395300e-001
  5.2395300e-001
  5.2395300e-001
  5.2395300e-001
  5.2395300e-001
  5.2395300e-001
  5.2395300e-001
  5.2752500e-001
  5.2752500e-001
  5.2752500e-001
  5.2752500e-001
  5.2875000e-001
  5.2875000e-001
  5.2875000e-001
  5.2875000e-001
  5.3109600e-001
  5.3109600e-001
  5.3145500e-001
  5.3145500e-001
  5.3257500e-001
  5.3257500e-001
  5.3405500e-001
  5.3405500e-001
  5.3405500e-001
  5.3405500e-001
  5.3405500e-001
  5.3405500e-001
  5.3405500e-001
  5.3405500e-001
  5.3528000e-001
  5.3528000e-001
  5.3528000e-001
  5.3528000e-001
  5.3553400e-001
  5.3553400e-001
  5.3553400e-001
  5.3553400e-001
  5.3553400e-001
  5.3553400e-001
  5.3589300e-001
  5.3589300e-001
  5.3650600e-001
  5.3650600e-001
  5.3675900e-001
  5.3675900e-001
  5.3762600e-001
  5.3762600e-001
  5.3762600e-001
  5.3762600e-001
  5.3762600e-001
  5.3762600e-001
  5.3762600e-001
  5.3762600e-001
  5.4069000e-001
  5.4069000e-001
  5.4242300e-001
  5.4242300e-001
  5.4538100e-001
  5.4538100e-001
  5.4538100e-001
  5.4538100e-001
  5.4538100e-001
  5.4538100e-001
  5.4538100e-001
  5.4538100e-001
  5.4538100e-001
  5.4538100e-001
  5.4538100e-001
  5.4538100e-001
  5.4538100e-001
  5.4538100e-001
  5.4624800e-001
  5.4624800e-001
  5.4624800e-001
  5.4624800e-001
  5.4783200e-001
  5.4783200e-001
  5.4869900e-001
  5.4869900e-001
  5.5017800e-001
  5.5017800e-001
  5.5043200e-001
  5.5043200e-001
  5.5043200e-001
  5.5043200e-001
  5.5129900e-001
  5.5129900e-001
  5.5165700e-001
  5.5165700e-001
  5.5313700e-001
  5.5313700e-001
  5.5634900e-001
  5.5634900e-001
  5.5634900e-001
  5.5634900e-001
  5.5757500e-001
  5.5757500e-001
  5.5818700e-001
  5.5818700e-001
  5.5992100e-001
  5.5992100e-001
  5.6002600e-001
  5.6002600e-001
  5.6053300e-001
  5.6053300e-001
  5.6053300e-001
  5.6053300e-001
  5.6089200e-001
  5.6089200e-001
  5.6089200e-001
  5.6089200e-001
  5.6089200e-001
  5.6089200e-001
  5.6089200e-001
  5.6089200e-001
  5.6323800e-001
  5.6323800e-001
  5.6349200e-001
  5.6349200e-001
  5.6533000e-001
  5.6533000e-001
  5.6558400e-001
  5.6558400e-001
  5.6558400e-001
  5.6558400e-001
  5.6558400e-001
  5.6558400e-001
  5.6558400e-001
  5.6558400e-001
  5.6706300e-001
  5.6706300e-001
  5.6706300e-001
  5.6706300e-001
  5.6706300e-001
  5.6706300e-001
  5.6767600e-001
  5.6767600e-001
  5.6767600e-001
  5.6767600e-001
  5.6890100e-001
  5.6890100e-001
  5.6915500e-001
  5.6915500e-001
  5.7063500e-001
  5.7063500e-001
  5.7063500e-001
  5.7063500e-001
  5.7063500e-001
  5.7063500e-001
  5.7063500e-001
  5.7063500e-001
  5.7063500e-001
  5.7063500e-001
  5.7063500e-001
  5.7063500e-001
  5.7063500e-001
  5.7063500e-001
  5.7099300e-001
  5.7099300e-001
  5.7395200e-001
  5.7395200e-001
  5.7517800e-001
  5.7517800e-001
  5.7568500e-001
  5.7568500e-001
  5.7568500e-001
  5.7568500e-001
  5.7691100e-001
  5.7691100e-001
  5.7691100e-001
  5.7691100e-001
  5.7716400e-001
  5.7716400e-001
  5.7777700e-001
  5.7777700e-001
  5.7777700e-001
  5.7777700e-001
  5.8073600e-001
  5.8073600e-001
  5.8073600e-001
  5.8073600e-001
  5.8073600e-001
  5.8073600e-001
  5.8109500e-001
  5.8109500e-001
  5.8109500e-001
  5.8109500e-001
  5.8109500e-001
  5.8109500e-001
  5.8134900e-001
  5.8134900e-001
  5.8134900e-001
  5.8134900e-001
  5.8196100e-001
  5.8196100e-001
  5.8196100e-001
  5.8196100e-001
  5.8196100e-001
  5.8196100e-001
  5.8282800e-001
  5.8282800e-001
  5.8282800e-001
  5.8282800e-001
  5.8282800e-001
  5.8282800e-001
  5.8344100e-001
  5.8344100e-001
  5.8405300e-001
  5.8405300e-001
  5.8492000e-001
  5.8492000e-001
  5.8492000e-001
  5.8492000e-001
  5.8553300e-001
  5.8553300e-001
  5.8614500e-001
  5.8614500e-001
  5.8787800e-001
  5.8787800e-001
  5.8787800e-001
  5.8787800e-001
  5.8787800e-001
  5.8787800e-001
  5.8823700e-001
  5.8823700e-001
  5.8849100e-001
  5.8849100e-001
  5.8849100e-001
  5.8849100e-001
  5.8849100e-001
  5.8849100e-001
  5.9058300e-001
  5.9058300e-001
  5.9119600e-001
  5.9119600e-001
  5.9119600e-001
  5.9119600e-001
  5.9119600e-001
  5.9119600e-001
  5.9119600e-001
  5.9119600e-001
  5.9292900e-001
  5.9292900e-001
  5.9292900e-001
  5.9292900e-001
  5.9292900e-001
  5.9292900e-001
  5.9292900e-001
  5.9292900e-001
  5.9292900e-001
  5.9292900e-001
  5.9292900e-001
  5.9292900e-001
  5.9292900e-001
  5.9292900e-001
  5.9354200e-001
  5.9354200e-001
  5.9563400e-001
  5.9563400e-001
  5.9563400e-001
  5.9563400e-001
  5.9563400e-001
  5.9563400e-001
  5.9956400e-001
  5.9956400e-001
  6.0486900e-001
  6.0486900e-001
  6.0548100e-001
  6.0548100e-001
  6.0634800e-001
  6.0634800e-001
  6.0634800e-001
  6.0634800e-001
  6.0869400e-001
  6.0869400e-001
  6.0869400e-001
  6.0869400e-001
  6.1017300e-001
  6.1017300e-001
  6.1017300e-001
  6.1017300e-001
  6.1053200e-001
  6.1053200e-001
  6.1053200e-001
  6.1053200e-001
  6.1226500e-001
  6.1226500e-001
  6.1323700e-001
  6.1323700e-001
  6.1374400e-001
  6.1374400e-001
  6.1374400e-001
  6.1374400e-001
  6.1435700e-001
  6.1435700e-001
  6.1644900e-001
  6.1644900e-001
  6.1706200e-001
  6.1706200e-001
  6.1792800e-001
  6.1792800e-001
  6.1792800e-001
  6.1792800e-001
  6.1792800e-001
  6.1792800e-001
  6.1792800e-001
  6.1792800e-001
  6.1879500e-001
  6.1879500e-001
  6.1976700e-001
  6.1976700e-001
  6.2063300e-001
  6.2063300e-001
  6.2236600e-001
  6.2236600e-001
  6.2236600e-001
  6.2236600e-001
  6.2236600e-001
  6.2236600e-001
  6.2395100e-001
  6.2395100e-001
  6.2507100e-001
  6.2507100e-001
  6.2593800e-001
  6.2593800e-001
  6.2593800e-001
  6.2593800e-001
  6.2593800e-001
  6.2593800e-001
  6.2593800e-001
  6.2593800e-001
  6.2593800e-001
  6.2593800e-001
  6.2655000e-001
  6.2655000e-001
  6.2655000e-001
  6.2655000e-001
  6.2655000e-001
  6.2655000e-001
  6.2690900e-001
  6.2690900e-001
  6.2803000e-001
  6.2803000e-001
  6.2864200e-001
  6.2864200e-001
  6.2864200e-001
  6.2864200e-001
  6.2950900e-001
  6.2950900e-001
  6.2950900e-001
  6.2950900e-001
  6.2950900e-001
  6.2950900e-001
  6.3098800e-001
  6.3098800e-001
  6.3098800e-001
  6.3098800e-001
  6.3098800e-001
  6.3098800e-001
  6.3160100e-001
  6.3160100e-001
  6.3160100e-001
  6.3160100e-001
  6.3160100e-001
  6.3160100e-001
  6.3160100e-001
  6.3160100e-001
  6.3160100e-001
  6.3160100e-001
  6.3282700e-001
  6.3282700e-001
  6.3553100e-001
  6.3553100e-001
  6.3578500e-001
  6.3578500e-001
  6.3578500e-001
  6.3578500e-001
  6.3578500e-001
  6.3578500e-001
  6.3665200e-001
  6.3665200e-001
  6.3665200e-001
  6.3665200e-001
  6.3665200e-001
  6.3665200e-001
  6.3665200e-001
  6.3665200e-001
  6.3665200e-001
  6.3665200e-001
  6.3665200e-001
  6.3665200e-001
  6.3665200e-001
  6.3665200e-001
  6.3665200e-001
  6.3665200e-001
  6.3665200e-001
  6.3665200e-001
  6.3665200e-001
  6.3665200e-001
  6.3996900e-001
  6.3996900e-001
  6.4206100e-001
  6.4206100e-001
  6.4206100e-001
  6.4206100e-001
  6.4206100e-001
  6.4206100e-001
  6.4379400e-001
  6.4379400e-001
  6.4379400e-001
  6.4379400e-001
  6.4379400e-001
  6.4379400e-001
  6.4502000e-001
  6.4502000e-001
  6.4588600e-001
  6.4588600e-001
  6.4588600e-001
  6.4588600e-001
  6.4624500e-001
  6.4624500e-001
  6.4711200e-001
  6.4711200e-001
  6.4823200e-001
  6.4823200e-001
  6.4823200e-001
  6.4823200e-001
  6.4823200e-001
  6.4823200e-001
  6.4823200e-001
  6.4823200e-001
  6.4833700e-001
  6.4833700e-001
  6.5032400e-001
  6.5032400e-001
  6.5093700e-001
  6.5093700e-001
  6.5180400e-001
  6.5180400e-001
  6.5180400e-001
  6.5180400e-001
  6.5180400e-001
  6.5180400e-001
  6.5180400e-001
  6.5180400e-001
  6.5180400e-001
  6.5180400e-001
  6.5180400e-001
  6.5180400e-001
  6.5180400e-001
  6.5180400e-001
  6.5180400e-001
  6.5180400e-001
  6.5180400e-001
  6.5180400e-001
  6.5180400e-001
  6.5180400e-001
  6.5180400e-001
  6.5180400e-001
  6.5180400e-001
  6.5180400e-001
  6.5180400e-001
  6.5180400e-001
  6.5180400e-001
  6.5180400e-001
  6.5180400e-001
  6.5180400e-001
  6.5180400e-001
  6.5180400e-001
  6.5364200e-001
  6.5364200e-001
  6.5450800e-001
  6.5450800e-001
  6.5634700e-001
  6.5634700e-001
  6.5685400e-001
  6.5685400e-001
  6.5685400e-001
  6.5685400e-001
  6.5685400e-001
  6.5685400e-001
  6.5685400e-001
  6.5685400e-001
  6.5685400e-001
  6.5685400e-001
  6.5721300e-001
  6.5721300e-001
  6.6017200e-001
  6.6017200e-001
  6.6017200e-001
  6.6017200e-001
  6.6053100e-001
  6.6053100e-001
  6.6103800e-001
  6.6103800e-001
  6.6103800e-001
  6.6103800e-001
  6.6103800e-001
  6.6103800e-001
  6.6165100e-001
  6.6165100e-001
  6.6226400e-001
  6.6226400e-001
  6.6313000e-001
  6.6313000e-001
  6.6348900e-001
  6.6348900e-001
  6.6399700e-001
  6.6399700e-001
  6.6461000e-001
  6.6461000e-001
  6.6496900e-001
  6.6496900e-001
  6.6522200e-001
  6.6522200e-001
  6.6731400e-001
  6.6731400e-001
  6.6756800e-001
  6.6756800e-001
  6.7027300e-001
  6.7027300e-001
  6.7063200e-001
  6.7063200e-001
  6.7114000e-001
  6.7114000e-001
  6.7114000e-001
  6.7114000e-001
  6.7236500e-001
  6.7236500e-001
  6.7261900e-001
  6.7261900e-001
  6.7272400e-001
  6.7272400e-001
  6.7445700e-001
  6.7445700e-001
  6.7507000e-001
  6.7507000e-001
  6.7619000e-001
  6.7619000e-001
  6.7619000e-001
  6.7619000e-001
  6.7767000e-001
  6.7767000e-001
  6.7767000e-001
  6.7767000e-001
  6.7802800e-001
  6.7802800e-001
  6.8124100e-001
  6.8124100e-001
  6.8124100e-001
  6.8124100e-001
  6.8124100e-001
  6.8124100e-001
  6.8124100e-001
  6.8124100e-001
  6.8124100e-001
  6.8124100e-001
  6.8124100e-001
  6.8124100e-001
  6.8124100e-001
  6.8124100e-001
  6.8124100e-001
  6.8124100e-001
  6.8124100e-001
  6.8124100e-001
  6.8124100e-001
  6.8124100e-001
  6.8124100e-001
  6.8124100e-001
  6.8124100e-001
  6.8124100e-001
  6.8124100e-001
  6.8124100e-001
  6.8124100e-001
  6.8124100e-001
  6.8124100e-001
  6.8124100e-001
  6.8124100e-001
  6.8124100e-001
  6.8124100e-001
  6.8124100e-001
  6.8481200e-001
  6.8481200e-001
  6.8481200e-001
  6.8481200e-001
  6.8665000e-001
  6.8665000e-001
  6.8690400e-001
  6.8690400e-001
  6.8751700e-001
  6.8751700e-001
  6.8986300e-001
  6.8986300e-001
  6.9022200e-001
  6.9022200e-001
  6.9022200e-001
  6.9022200e-001
  6.9108800e-001
  6.9108800e-001
  6.9108800e-001
  6.9108800e-001
  6.9108800e-001
  6.9108800e-001
  6.9108800e-001
  6.9108800e-001
  6.9195500e-001
  6.9195500e-001
  6.9256800e-001
  6.9256800e-001
  6.9256800e-001
  6.9256800e-001
  6.9404700e-001
  6.9404700e-001
  6.9711100e-001
  6.9711100e-001
  6.9823100e-001
  6.9823100e-001
  6.9823100e-001
  6.9823100e-001
  6.9848500e-001
  6.9848500e-001
  6.9848500e-001
  6.9848500e-001
  6.9884400e-001
  6.9884400e-001
  7.0093600e-001
  7.0093600e-001
  7.0119000e-001
  7.0119000e-001
  7.0180200e-001
  7.0180200e-001
  7.0180200e-001
  7.0180200e-001
  7.0328200e-001
  7.0328200e-001
  7.0450700e-001
  7.0450700e-001
  7.0476100e-001
  7.0476100e-001
  7.0476100e-001
  7.0476100e-001
  7.0537400e-001
  7.0537400e-001
  7.0562700e-001
  7.0562700e-001
  7.0562700e-001
  7.0562700e-001
  7.0685300e-001
  7.0685300e-001
  7.0710700e-001
  7.0710700e-001
  7.0772000e-001
  7.0772000e-001
  7.0981200e-001
  7.0981200e-001
  7.0981200e-001
  7.0981200e-001
  7.0981200e-001
  7.0981200e-001
  7.1042400e-001
  7.1042400e-001
  7.1103700e-001
  7.1103700e-001
  7.1190400e-001
  7.1190400e-001
  7.1424900e-001
  7.1424900e-001
  7.1608800e-001
  7.1608800e-001
  7.1608800e-001
  7.1608800e-001
  7.1634100e-001
  7.1634100e-001
  7.1695400e-001
  7.1695400e-001
  7.1695400e-001
  7.1695400e-001
  7.1731300e-001
  7.1756700e-001
  7.1756700e-001
  7.1782100e-001
  7.1782100e-001
  7.1782100e-001
  7.1782100e-001
  7.1782100e-001
  7.1782100e-001
  7.1782100e-001
  7.1782100e-001
  7.1782100e-001
  7.1782100e-001
  7.1904600e-001
  7.1904600e-001
  7.1930000e-001
  7.1930000e-001
  7.1965900e-001
  7.1965900e-001
  7.2139200e-001
  7.2139200e-001
  7.2139200e-001
  7.2139200e-001
  7.2139200e-001
  7.2139200e-001
  7.2139200e-001
  7.2139200e-001
  7.2139200e-001
  7.2139200e-001
  7.2200500e-001
  7.2200500e-001
  7.2287100e-001
  7.2287100e-001
  7.2287100e-001
  7.2287100e-001
  7.2287100e-001
  7.2287100e-001
  7.2287100e-001
  7.2287100e-001
  7.2287100e-001
  7.2287100e-001
  7.2557600e-001
  7.2557600e-001
  7.2644300e-001
  7.2644300e-001
  7.2680200e-001
  7.2680200e-001
  7.2705600e-001
  7.2705600e-001
  7.2705600e-001
  7.2705600e-001
  7.2705600e-001
  7.2705600e-001
  7.2705600e-001
  7.2705600e-001
  7.2766800e-001
  7.2766800e-001
  7.2792200e-001
  7.2792200e-001
  7.2792200e-001
  7.2792200e-001
  7.2792200e-001
  7.2792200e-001
  7.2792200e-001
  7.2792200e-001
  7.2792200e-001
  7.2792200e-001
  7.2792200e-001
  7.2792200e-001
  7.2792200e-001
  7.2792200e-001
  7.2792200e-001
  7.2792200e-001
  7.2792200e-001
  7.2792200e-001
  7.2792200e-001
  7.2792200e-001
  7.2828100e-001
  7.2828100e-001
  7.2914800e-001
  7.2914800e-001
  7.2914800e-001
  7.2914800e-001
  7.3037300e-001
  7.3037300e-001
  7.3062700e-001
  7.3062700e-001
  7.3358500e-001
  7.3358500e-001
  7.3394400e-001
  7.3394400e-001
  7.3419800e-001
  7.3419800e-001
  7.3419800e-001
  7.3419800e-001
  7.3506500e-001
  7.3506500e-001
  7.3506500e-001
  7.3506500e-001
  7.3506500e-001
  7.3506500e-001
  7.3629000e-001
  7.3629000e-001
  7.3629000e-001
  7.3629000e-001
  7.3629000e-001
  7.3629000e-001
  7.3664900e-001
  7.3664900e-001
  7.3715700e-001
  7.3715700e-001
  7.3715700e-001
  7.3715700e-001
  7.3751600e-001
  7.3751600e-001
  7.3751600e-001
  7.3751600e-001
  7.3838200e-001
  7.3838200e-001
  7.3838200e-001
  7.3838200e-001
  7.3838200e-001
  7.3838200e-001
  7.3838200e-001
  7.3838200e-001
  7.3838200e-001
  7.3838200e-001
  7.3838200e-001
  7.3838200e-001
  7.3838200e-001
  7.3838200e-001
  7.3838200e-001
  7.3838200e-001
  7.3838200e-001
  7.3838200e-001
  7.3838200e-001
  7.3838200e-001
  7.3838200e-001
  7.3838200e-001
  7.3838200e-001
  7.3838200e-001
  7.3838200e-001
  7.3838200e-001
  7.4011500e-001
  7.4011500e-001
  7.4011500e-001
  7.4011500e-001
  7.4011500e-001
  7.4011500e-001
  7.4011500e-001
  7.4011500e-001
  7.4011500e-001
  7.4011500e-001
  7.4011500e-001
  7.4011500e-001
  7.4011500e-001
  7.4011500e-001
  7.4011500e-001
  7.4011500e-001
  7.4011500e-001
  7.4011500e-001
  7.4011500e-001
  7.4011500e-001
  7.4011500e-001
  7.4011500e-001
  7.4011500e-001
  7.4011500e-001
  7.4011500e-001
  7.4011500e-001
  7.4011500e-001
  7.4011500e-001
  7.4108700e-001
  7.4108700e-001
  7.4220700e-001
  7.4220700e-001
  7.4220700e-001
  7.4220700e-001
  7.4379200e-001
  7.4379200e-001
  7.4577900e-001
  7.4577900e-001
  7.4873700e-001
  7.4873700e-001
  7.4935000e-001
  7.4935000e-001
  7.4935000e-001
  7.4935000e-001
  7.4935000e-001
  7.4935000e-001
  7.5082900e-001
  7.5082900e-001
  7.5082900e-001
  7.5082900e-001
  7.5082900e-001
  7.5082900e-001
  7.5082900e-001
  7.5082900e-001
  7.5093500e-001
  7.5093500e-001
  7.5205500e-001
  7.5205500e-001
  7.5353400e-001
  7.5353400e-001
  7.5353400e-001
  7.5353400e-001
  7.5440100e-001
  7.5440100e-001
  7.5537200e-001
  7.5537200e-001
  7.5623900e-001
  7.5623900e-001
  7.5623900e-001
  7.5623900e-001
  7.5623900e-001
  7.5623900e-001
  7.5649300e-001
  7.5649300e-001
  7.5919800e-001
  7.5919800e-001
  7.5945100e-001
  7.5945100e-001
  7.5945100e-001
  7.5945100e-001
  7.6093100e-001
  7.6093100e-001
  7.6103600e-001
  7.6103600e-001
  7.6129000e-001
  7.6129000e-001
  7.6154300e-001
  7.6154300e-001
  7.6154300e-001
  7.6154300e-001
  7.6154300e-001
  7.6154300e-001
  7.6154300e-001
  7.6154300e-001
  7.6154300e-001
  7.6154300e-001
  7.6154300e-001
  7.6154300e-001
  7.6363500e-001
  7.6363500e-001
  7.6450200e-001
  7.6450200e-001
  7.6450200e-001
  7.6450200e-001
  7.6450200e-001
  7.6450200e-001
  7.6955300e-001
  7.6955300e-001
  7.6955300e-001
  7.6955300e-001
  7.6955300e-001
  7.6955300e-001
  7.6955300e-001
  7.6955300e-001
  7.6955300e-001
  7.6955300e-001
  7.6955300e-001
  7.6955300e-001
  7.7016500e-001
  7.7016500e-001
  7.7077800e-001
  7.7077800e-001
  7.7139100e-001
  7.7139100e-001
  7.7164500e-001
  7.7164500e-001
  7.7225700e-001
  7.7225700e-001
  7.7225700e-001
  7.7225700e-001
  7.7225700e-001
  7.7225700e-001
  7.7348300e-001
  7.7348300e-001
  7.7434900e-001
  7.7434900e-001
  7.7557500e-001
  7.7557500e-001
  7.7582900e-001
  7.7582900e-001
  7.7582900e-001
  7.7582900e-001
  7.7582900e-001
  7.7582900e-001
  7.7644100e-001
  7.7644100e-001
  7.7644100e-001
  7.7644100e-001
  7.7644100e-001
  7.7644100e-001
  7.7669500e-001
  7.7669500e-001
  7.7669500e-001
  7.7669500e-001
  7.7669500e-001
  7.7669500e-001
  7.7792100e-001
  7.7792100e-001
  7.7792100e-001
  7.7792100e-001
  7.7817500e-001
  7.7817500e-001
  7.7878700e-001
  7.7878700e-001
  7.7878700e-001
  7.7878700e-001
  7.7878700e-001
  7.7878700e-001
  7.7878700e-001
  7.7878700e-001
  7.7914600e-001
  7.7914600e-001
  7.7940000e-001
  7.7940000e-001
  7.8062600e-001
  7.8062600e-001
  7.8445100e-001
  7.8445100e-001
  7.8445100e-001
  7.8445100e-001
  7.8531700e-001
  7.8531700e-001
  7.8593000e-001
  7.8593000e-001
  7.8654300e-001
  7.8654300e-001
  7.8654300e-001
  7.8654300e-001
  7.8690200e-001
  7.8690200e-001
  7.8802200e-001
  7.8802200e-001
  7.8924800e-001
  7.8924800e-001
  7.8924800e-001
  7.8924800e-001
  7.8950100e-001
  7.8950100e-001
  7.9036800e-001
  7.9036800e-001
  7.9220600e-001
  7.9220600e-001
  7.9393900e-001
  7.9393900e-001
  7.9393900e-001
  7.9393900e-001
  7.9393900e-001
  7.9393900e-001
  7.9552400e-001
  7.9552400e-001
  7.9603100e-001
  7.9603100e-001
  7.9899000e-001
  7.9899000e-001
  7.9899000e-001
  7.9899000e-001
  7.9899000e-001
  7.9899000e-001
  7.9899000e-001
  7.9899000e-001
  7.9899000e-001
  7.9899000e-001
  7.9899000e-001
  7.9899000e-001
  7.9899000e-001
  7.9899000e-001
  7.9899000e-001
  7.9899000e-001
  7.9899000e-001
  7.9899000e-001
  7.9899000e-001
  7.9899000e-001
  7.9899000e-001
  7.9899000e-001
  7.9934900e-001
  7.9934900e-001
  8.0082800e-001
  8.0082800e-001
  8.0144100e-001
  8.0144100e-001
  8.0439900e-001
  8.0439900e-001
  8.0613300e-001
  8.0613300e-001
  8.0613300e-001
  8.0613300e-001
  8.0613300e-001
  8.0613300e-001
  8.0613300e-001
  8.0613300e-001
  8.0613300e-001
  8.0613300e-001
  8.0613300e-001
  8.0613300e-001
  8.0613300e-001
  8.0613300e-001
  8.0613300e-001
  8.0613300e-001
  8.0649100e-001
  8.0649100e-001
  8.0649100e-001
  8.0649100e-001
  8.0649100e-001
  8.0649100e-001
  8.0674500e-001
  8.0674500e-001
  8.0735800e-001
  8.0735800e-001
  8.0822500e-001
  8.0822500e-001
  8.0822500e-001
  8.0822500e-001
  8.0945000e-001
  8.0945000e-001
  8.1118300e-001
  8.1118300e-001
  8.1179600e-001
  8.1179600e-001
  8.1179600e-001
  8.1179600e-001
  8.1240900e-001
  8.1240900e-001
  8.1302100e-001
  8.1302100e-001
  8.1450100e-001
  8.1450100e-001
  8.1486000e-001
  8.1486000e-001
  8.1598000e-001
  8.1598000e-001
  8.1659300e-001
  8.1659300e-001
  8.1659300e-001
  8.1659300e-001
  8.1659300e-001
  8.1659300e-001
  8.1684700e-001
  8.1684700e-001
  8.1684700e-001
  8.1684700e-001
  8.1868500e-001
  8.1868500e-001
  8.1980500e-001
  8.1980500e-001
  8.2041800e-001
  8.2041800e-001
  8.2041800e-001
  8.2041800e-001
  8.2041800e-001
  8.2041800e-001
  8.2077700e-001
  8.2077700e-001
  8.2225600e-001
  8.2225600e-001
  8.2312300e-001
  8.2312300e-001
  8.2496100e-001
  8.2496100e-001
  8.2521500e-001
  8.2521500e-001
  8.2582700e-001
  8.2582700e-001
  8.2669400e-001
  8.2669400e-001
  8.2669400e-001
  8.2669400e-001
  8.2669400e-001
  8.2669400e-001
  8.2756100e-001
  8.2756100e-001
  8.2817300e-001
  8.2817300e-001
  8.2842700e-001
  8.2842700e-001
  8.2842700e-001
  8.2842700e-001
  8.2842700e-001
  8.2842700e-001
  8.2842700e-001
  8.2842700e-001
  8.2842700e-001
  8.2842700e-001
  8.2842700e-001
  8.2842700e-001
  8.2842700e-001
  8.2842700e-001
  8.2842700e-001
  8.2842700e-001
  8.2878600e-001
  8.2878600e-001
  8.3001200e-001
  8.3001200e-001
  8.3199800e-001
  8.3199800e-001
  8.3199800e-001
  8.3199800e-001
  8.3199800e-001
  8.3199800e-001
  8.3199800e-001
  8.3199800e-001
  8.3199800e-001
  8.3199800e-001
  8.3470300e-001
  8.3470300e-001
  8.3470300e-001
  8.3470300e-001
  8.3470300e-001
  8.3470300e-001
  8.3506200e-001
  8.3506200e-001
  8.3506200e-001
  8.3506200e-001
  8.3531600e-001
  8.3531600e-001
  8.3679500e-001
  8.3679500e-001
  8.3740800e-001
  8.3740800e-001
  8.3766200e-001
  8.3766200e-001
  8.3888700e-001
  8.3888700e-001
  8.3975400e-001
  8.3975400e-001
  8.3975400e-001
  8.3975400e-001
  8.4011300e-001
  8.4011300e-001
  8.4097900e-001
  8.4097900e-001
  8.4220500e-001
  8.4220500e-001
  8.4332500e-001
  8.4332500e-001
  8.4368400e-001
  8.4368400e-001
  8.4516300e-001
  8.4516300e-001
  8.4516300e-001
  8.4516300e-001
  8.4924200e-001
  8.4924200e-001
  8.4985500e-001
  8.4985500e-001
  8.4985500e-001
  8.4985500e-001
  8.4985500e-001
  8.4985500e-001
  8.4985500e-001
  8.4985500e-001
  8.4985500e-001
  8.4985500e-001
  8.4985500e-001
  8.4985500e-001
  8.5169300e-001
  8.5169300e-001
  8.5194700e-001
  8.5194700e-001
  8.5194700e-001
  8.5194700e-001
  8.5281400e-001
  8.5281400e-001
  8.5281400e-001
  8.5281400e-001
  8.5490600e-001
  8.5490600e-001
  8.5587700e-001
  8.5587700e-001
  8.5699800e-001
  8.5699800e-001
  8.5699800e-001
  8.5699800e-001
  8.5699800e-001
  8.5699800e-001
  8.5699800e-001
  8.5699800e-001
  8.5699800e-001
  8.5699800e-001
  8.5699800e-001
  8.5699800e-001
  8.5699800e-001
  8.5699800e-001
  8.5699800e-001
  8.5699800e-001
  8.5699800e-001
  8.5699800e-001
  8.5699800e-001
  8.5699800e-001
  8.5699800e-001
  8.5699800e-001
  8.5699800e-001
  8.5699800e-001
  8.5699800e-001
  8.5699800e-001
  8.5761100e-001
  8.5761100e-001
  8.6204800e-001
  8.6204800e-001
  8.6204800e-001
  8.6204800e-001
  8.6204800e-001
  8.6204800e-001
  8.6204800e-001
  8.6204800e-001
  8.6204800e-001
  8.6204800e-001
  8.6414000e-001
  8.6414000e-001
  8.6771200e-001
  8.6771200e-001
  8.6868400e-001
  8.6868400e-001
  8.7005800e-001
  8.7005800e-001
  8.7005800e-001
  8.7005800e-001
  8.7005800e-001
  8.7005800e-001
  8.7005800e-001
  8.7005800e-001
  8.7128300e-001
  8.7128300e-001
  8.7128300e-001
  8.7128300e-001
  8.7362900e-001
  8.7362900e-001
  8.7485500e-001
  8.7485500e-001
  8.7546700e-001
  8.7546700e-001
  8.7572100e-001
  8.7572100e-001
  8.7720000e-001
  8.7720000e-001
  8.7720000e-001
  8.7720000e-001
  8.7720000e-001
  8.7720000e-001
  8.7720000e-001
  8.7720000e-001
  8.7720000e-001
  8.7720000e-001
  8.7929200e-001
  8.7929200e-001
  8.7929200e-001
  8.7929200e-001
  8.7929200e-001
  8.7929200e-001
  8.7965100e-001
  8.7965100e-001
  8.7990500e-001
  8.7990500e-001
  8.8138400e-001
  8.8138400e-001
  8.8138400e-001
  8.8138400e-001
  8.8225100e-001
  8.8225100e-001
  8.8225100e-001
  8.8225100e-001
  8.8347600e-001
  8.8347600e-001
  8.8383500e-001
  8.8383500e-001
  8.8914000e-001
  8.8914000e-001
  8.9061900e-001
  8.9061900e-001
  8.9061900e-001
  8.9061900e-001
  8.9061900e-001
  8.9061900e-001
  8.9061900e-001
  8.9061900e-001
  8.9061900e-001
  8.9061900e-001
  8.9087300e-001
  8.9087300e-001
  8.9271100e-001
  8.9271100e-001
  8.9357800e-001
  8.9357800e-001
  8.9357800e-001
  8.9357800e-001
  8.9480300e-001
  8.9480300e-001
  8.9567000e-001
  8.9567000e-001
  8.9567000e-001
  8.9567000e-001
  8.9567000e-001
  8.9567000e-001
  8.9567000e-001
  8.9567000e-001
  8.9689500e-001
  8.9689500e-001
  8.9837500e-001
  8.9837500e-001
  8.9898700e-001
  8.9898700e-001
  8.9985400e-001
  8.9985400e-001
  8.9985400e-001
  8.9985400e-001
  9.0107900e-001
  9.0107900e-001
  9.0158700e-001
  9.0158700e-001
  9.0158700e-001
  9.0158700e-001
  9.0158700e-001
  9.0158700e-001
  9.0158700e-001
  9.0158700e-001
  9.0158700e-001
  9.0158700e-001
  9.0306600e-001
  9.0306600e-001
  9.0577100e-001
  9.0577100e-001
  9.0577100e-001
  9.0577100e-001
  9.0638400e-001
  9.0638400e-001
  9.0699700e-001
  9.0699700e-001
  9.0699700e-001
  9.0699700e-001
  9.0725000e-001
  9.0725000e-001
  9.0786300e-001
  9.0786300e-001
  9.0786300e-001
  9.0786300e-001
  9.0847600e-001
  9.0847600e-001
  9.1082200e-001
  9.1082200e-001
  9.1082200e-001
  9.1082200e-001
  9.1082200e-001
  9.1082200e-001
  9.1143400e-001
  9.1143400e-001
  9.1168800e-001
  9.1168800e-001
  9.1168800e-001
  9.1168800e-001
  9.1230100e-001
  9.1230100e-001
  9.1230100e-001
  9.1230100e-001
  9.1230100e-001
  9.1230100e-001
  9.1526000e-001
  9.1526000e-001
  9.1587200e-001
  9.1587200e-001
  9.1587200e-001
  9.1587200e-001
  9.1587200e-001
  9.1587200e-001
  9.1587200e-001
  9.1587200e-001
  9.1587200e-001
  9.1587200e-001
  9.1587200e-001
  9.1587200e-001
  9.1587200e-001
  9.1587200e-001
  9.1587200e-001
  9.1587200e-001
  9.1684400e-001
  9.1684400e-001
  9.1684400e-001
  9.1684400e-001
  9.1857700e-001
  9.1857700e-001
  9.1919000e-001
  9.1919000e-001
  9.1919000e-001
  9.1919000e-001
  9.2005600e-001
  9.2005600e-001
  9.2031000e-001
  9.2031000e-001
  9.2031000e-001
  9.2031000e-001
  9.2092300e-001
  9.2092300e-001
  9.2092300e-001
  9.2092300e-001
  9.2128200e-001
  9.2128200e-001
  9.2240200e-001
  9.2240200e-001
  9.2301500e-001
  9.2301500e-001
  9.2301500e-001
  9.2301500e-001
  9.2301500e-001
  9.2301500e-001
  9.2424000e-001
  9.2424000e-001
  9.2485300e-001
  9.2485300e-001
  9.2633300e-001
  9.2633300e-001
  9.2658600e-001
  9.2658600e-001
  9.2658600e-001
  9.2658600e-001
  9.2842500e-001
  9.2842500e-001
  9.2842500e-001
  9.2842500e-001
  9.3015800e-001
  9.3015800e-001
  9.3015800e-001
  9.3015800e-001
  9.3102400e-001
  9.3102400e-001
  9.3102400e-001
  9.3102400e-001
  9.3102400e-001
  9.3102400e-001
  9.3102400e-001
  9.3102400e-001
  9.3102400e-001
  9.3102400e-001
  9.3102400e-001
  9.3102400e-001
  9.3102400e-001
  9.3102400e-001
  9.3102400e-001
  9.3102400e-001
  9.3408800e-001
  9.3408800e-001
  9.3459600e-001
  9.3459600e-001
  9.3520800e-001
  9.3520800e-001
  9.3556700e-001
  9.3556700e-001
  9.3607500e-001
  9.3607500e-001
  9.3607500e-001
  9.3607500e-001
  9.3607500e-001
  9.3607500e-001
  9.3607500e-001
  9.3607500e-001
  9.3607500e-001
  9.3607500e-001
  9.3607500e-001
  9.3607500e-001
  9.3607500e-001
  9.3607500e-001
  9.3607500e-001
  9.3607500e-001
  9.3607500e-001
  9.3607500e-001
  9.3607500e-001
  9.3607500e-001
  9.3607500e-001
  9.3607500e-001
  9.3607500e-001
  9.3607500e-001
  9.3607500e-001
  9.3607500e-001
  9.3730000e-001
  9.3730000e-001
  9.3730000e-001
  9.3730000e-001
  9.3730000e-001
  9.3730000e-001
  9.3913900e-001
  9.3913900e-001
  9.3939200e-001
  9.3939200e-001
  9.4112500e-001
  9.4112500e-001
  9.4112500e-001
  9.4112500e-001
  9.4112500e-001
  9.4112500e-001
  9.4112500e-001
  9.4112500e-001
  9.4112500e-001
  9.4112500e-001
  9.4173800e-001
  9.4173800e-001
  9.4173800e-001
  9.4173800e-001
  9.4209700e-001
  9.4209700e-001
  9.4235100e-001
  9.4235100e-001
  9.4271000e-001
  9.4271000e-001
  9.4321800e-001
  9.4321800e-001
  9.4321800e-001
  9.4321800e-001
  9.4418900e-001
  9.4418900e-001
  9.4469700e-001
  9.4469700e-001
  9.4678900e-001
  9.4678900e-001
  9.4740200e-001
  9.4740200e-001
  9.4924000e-001
  9.4924000e-001
  9.4974700e-001
  9.4974700e-001
  9.4974700e-001
  9.4974700e-001
  9.5331900e-001
  9.5331900e-001
  9.5331900e-001
  9.5331900e-001
  9.5331900e-001
  9.5331900e-001
  9.5331900e-001
  9.5331900e-001
  9.5331900e-001
  9.5331900e-001
  9.5541100e-001
  9.5541100e-001
  9.5689000e-001
  9.5689000e-001
  9.5689000e-001
  9.5689000e-001
  9.5898200e-001
  9.5898200e-001
  9.5934100e-001
  9.5934100e-001
  9.5934100e-001
  9.5934100e-001
  9.5995400e-001
  9.5995400e-001
  9.6046100e-001
  9.6046100e-001
  9.6046100e-001
  9.6046100e-001
  9.6046100e-001
  9.6046100e-001
  9.6046100e-001
  9.6046100e-001
  9.6082000e-001
  9.6082000e-001
  9.6168700e-001
  9.6168700e-001
  9.6168700e-001
  9.6168700e-001
  9.6255400e-001
  9.6255400e-001
  9.6255400e-001
  9.6255400e-001
  9.6291200e-001
  9.6291200e-001
  9.6316600e-001
  9.6316600e-001
  9.6377900e-001
  9.6377900e-001
  9.6464600e-001
  9.6464600e-001
  9.6464600e-001
  9.6464600e-001
  9.6525800e-001
  9.6525800e-001
  9.6551200e-001
  9.6551200e-001
  9.6587100e-001
  9.6587100e-001
  9.6673800e-001
  9.6673800e-001
  9.6673800e-001
  9.6673800e-001
  9.6760400e-001
  9.6760400e-001
  9.6760400e-001
  9.6760400e-001
  9.6760400e-001
  9.6760400e-001
  9.6760400e-001
  9.6760400e-001
  9.6760400e-001
  9.6760400e-001
  9.6760400e-001
  9.6760400e-001
  9.6760400e-001
  9.6760400e-001
  9.6883000e-001
  9.6883000e-001
  9.7056300e-001
  9.7056300e-001
  9.7056300e-001
  9.7056300e-001
  9.7056300e-001
  9.7056300e-001
  9.7117500e-001
  9.7117500e-001
  9.7265500e-001
  9.7265500e-001
  9.7265500e-001
  9.7265500e-001
  9.7474700e-001
  9.7474700e-001
  9.7474700e-001
  9.7474700e-001
  9.7474700e-001
  9.7474700e-001
  9.7474700e-001
  9.7474700e-001
  9.7474700e-001
  9.7474700e-001
  9.7474700e-001
  9.7474700e-001
  9.7770500e-001
  9.7770500e-001
  9.7770500e-001
  9.7770500e-001
  9.7770500e-001
  9.7770500e-001
  9.8102300e-001
  9.8102300e-001
  9.8127700e-001
  9.8127700e-001
  9.8311500e-001
  9.8311500e-001
  9.8459400e-001
  9.8459400e-001
  9.8546100e-001
  9.8546100e-001
  9.8607400e-001
  9.8607400e-001
  9.8632700e-001
  9.8632700e-001
  9.8694000e-001
  9.8694000e-001
  9.8964500e-001
  9.8964500e-001
  9.8989900e-001
  9.8989900e-001
  9.9051100e-001
  9.9051100e-001
  9.9260400e-001
  9.9260400e-001
  9.9408300e-001
  9.9408300e-001
  9.9408300e-001
  9.9408300e-001
  9.9556200e-001
  9.9556200e-001
  9.9617500e-001
  9.9617500e-001
  9.9617500e-001
  9.9617500e-001
  9.9617500e-001
  9.9617500e-001
  9.9617500e-001
  9.9617500e-001
  9.9617500e-001
  9.9617500e-001
  9.9974600e-001
  9.9974600e-001
  9.9974600e-001
  9.9974600e-001
